0,1,2,3,4,5,6,7,8,9,Associated
0.3496,0.2574,0.1744,0.0745,0.07,0.0652,0.0629,0.0,0.0,0.0,NO
0.2852,0.0731,0.0724,0.0399,0.0273,0.0269,0.0238,0.014,0.012,0.0111,NO
0.2809,0.1223,0.1169,0.0895,0.0735,0.0596,0.0526,0.0,0.0,0.0,NO
0.3822,0.1488,0.1374,0.0735,0.0505,0.0497,0.0372,0.0,0.0,0.0,NO
0.2287,0.1374,0.1298,0.0406,0.0365,0.0268,0.0,0.0,0.0,0.0,NO
0.6333,0.4162,0.2524,0.1844,0.1782,0.1483,0.1219,0.0896,0.069,0.0,NO
0.2852,0.2831,0.1356,0.0718,0.0703,0.0668,0.0604,0.0383,0.0,0.0,NO
0.2574,0.1819,0.1187,0.1133,0.1104,0.0317,0.0308,0.0237,0.021,0.0195,NO
0.4753,0.2323,0.1782,0.1769,0.1514,0.111,0.0641,0.0628,0.0367,0.0295,NO
1.0,0.694,0.4682,0.3133,0.081,0.0703,0.0344,0.0,0.0,0.0,YES
0.4964,0.2887,0.2289,0.1632,0.108,0.1043,0.1038,0.0568,0.0555,0.0432,NO
1.0,1.0,0.2258,0.1168,0.0615,0.0314,0.0306,0.0258,0.0221,0.0,YES
0.3555,0.1876,0.0835,0.0559,0.0,0.0,0.0,0.0,0.0,0.0,NO
0.3673,0.2635,0.0973,0.0774,0.07,0.0572,0.0,0.0,0.0,0.0,NO
0.2206,0.0321,0.0258,0.0178,0.0137,0.0025,0.0,0.0,0.0,0.0,NO
0.3282,0.2574,0.2358,0.1207,0.045,0.0238,0.0,0.0,0.0,0.0,NO
0.4327,0.3984,0.3104,0.2323,0.1127,0.0715,0.068,0.0661,0.0414,0.0,NO
0.2852,0.2574,0.1585,0.0511,0.0244,0.0229,0.0,0.0,0.0,0.0,NO
0.3844,0.1402,0.1374,0.0881,0.0818,0.0696,0.0502,0.0279,0.0187,0.0,NO
0.2852,0.2574,0.1819,0.0805,0.0422,0.0256,0.0,0.0,0.0,0.0,NO
0.3438,0.2418,0.1055,0.0837,0.0698,0.0683,0.0,0.0,0.0,0.0,NO
1.0,1.0,0.5044,0.3311,0.0783,0.0504,0.0368,0.0152,0.0,0.0,YES
1.0,1.0,0.6471,0.3311,0.1138,0.1073,0.0616,0.0585,0.0579,0.0542,YES
1.0,1.0,0.8236,0.2141,0.1128,0.1037,0.0614,0.0,0.0,0.0,YES
1.0,1.0,0.3311,0.2911,0.0428,0.0316,0.0212,0.0198,0.0,0.0,YES
0.2351,0.2323,0.1782,0.1711,0.1,0.0934,0.0624,0.0535,0.0,0.0,NO
1.0,0.5682,0.3311,0.2696,0.1033,0.0991,0.0848,0.0803,0.0611,0.0444,YES
0.3251,0.2458,0.2323,0.2289,0.1782,0.1701,0.1632,0.0714,0.0383,0.0267,NO
0.9589,0.3062,0.1807,0.0699,0.0688,0.0678,0.0662,0.0296,0.0,0.0,YES
0.6914,0.0662,0.0572,0.0272,0.0205,0.018,0.0176,0.0142,0.0118,0.0096,YES
0.2893,0.2113,0.1793,0.1364,0.1077,0.0874,0.068,0.0278,0.0124,0.0,NO
0.2044,0.1781,0.1652,0.1613,0.1542,0.0741,0.0628,0.0603,0.0,0.0,NO
0.2165,0.1473,0.1147,0.0708,0.0555,0.0486,0.0417,0.0,0.0,0.0,NO
0.2287,0.2113,0.1393,0.1364,0.1228,0.0656,0.0612,0.0484,0.0304,0.0183,NO
0.6914,0.3322,0.1311,0.0855,0.0763,0.0687,0.0438,0.0,0.0,0.0,YES
1.0,0.3062,0.0473,0.0287,0.0275,0.024,0.023,0.0174,0.0171,0.0062,YES
0.2287,0.1729,0.1715,0.1251,0.1069,0.0922,0.089,0.0429,0.035,0.0339,NO
0.1692,0.1683,0.0908,0.0823,0.063,0.0441,0.0392,0.035,0.03,0.0212,NO
0.2287,0.2113,0.1865,0.1364,0.1276,0.0962,0.0309,0.0263,0.0252,0.0233,NO
0.2425,0.1216,0.0762,0.0631,0.0627,0.0441,0.0438,0.0364,0.0294,0.0196,NO
0.301,0.1355,0.1128,0.0673,0.0548,0.0451,0.0083,0.0,0.0,0.0,NO
0.3144,0.301,0.236,0.0909,0.0891,0.0884,0.0852,0.0815,0.0558,0.0,NO
0.1872,0.0756,0.0212,0.021,0.0118,0.0045,0.0011,0.0,0.0,0.0,NO
0.5717,0.3062,0.2476,0.0496,0.0234,0.0208,0.016,0.0146,0.0145,0.0,YES
0.2278,0.1652,0.1542,0.1266,0.1162,0.0787,0.0772,0.0755,0.0753,0.0191,NO
0.8716,0.6914,0.3062,0.048,0.0302,0.0276,0.0226,0.0187,0.0133,0.0,YES
0.2165,0.1542,0.1029,0.1018,0.0772,0.0745,0.0676,0.0376,0.0,0.0,NO
1.0,0.6914,0.3062,0.0716,0.023,0.0228,0.0082,0.0011,0.0,0.0,YES
0.2165,0.1542,0.0865,0.0763,0.0666,0.0586,0.0,0.0,0.0,0.0,NO
0.2425,0.1789,0.1223,0.0978,0.0838,0.0441,0.0421,0.0297,0.0,0.0,NO
0.2425,0.1789,0.1255,0.0929,0.0883,0.0667,0.0661,0.0644,0.0441,0.0355,NO
0.2425,0.1597,0.1157,0.1096,0.0505,0.0441,0.0,0.0,0.0,0.0,NO
0.2425,0.1939,0.1789,0.1087,0.0765,0.065,0.0494,0.0493,0.033,0.0262,NO
0.1513,0.1355,0.1172,0.1098,0.1067,0.074,0.057,0.0282,0.0,0.0,NO
0.1939,0.1789,0.1481,0.1322,0.1023,0.0917,0.0654,0.055,0.0528,0.025,NO
0.2113,0.1865,0.1469,0.1364,0.1028,0.0928,0.063,0.0386,0.0211,0.0108,NO
0.1892,0.113,0.1011,0.0954,0.0768,0.0268,0.0,0.0,0.0,0.0,NO
0.294,0.0724,0.0439,0.0435,0.0396,0.0329,0.0199,0.0066,0.0054,0.0,NO
0.2809,0.1889,0.1439,0.0821,0.0288,0.0252,0.0,0.0,0.0,0.0,NO
0.2471,0.2405,0.2068,0.1398,0.0799,0.0757,0.0204,0.0,0.0,0.0,NO
0.2471,0.2287,0.2098,0.0653,0.0642,0.0503,0.0147,0.0,0.0,0.0,NO
0.4162,0.3427,0.2866,0.2707,0.2524,0.2395,0.1682,0.1241,0.0275,0.0,NO
0.294,0.2831,0.0921,0.0688,0.0331,0.0,0.0,0.0,0.0,0.0,NO
0.1133,0.1104,0.0995,0.0958,0.0642,0.0498,0.0381,0.029,0.0201,0.0104,NO
0.3753,0.2866,0.2572,0.2088,0.1898,0.1769,0.1153,0.0378,0.0125,0.0,NO
1.0,0.9462,0.694,0.2534,0.1136,0.0474,0.0192,0.0,0.0,0.0,YES
0.2887,0.2687,0.2251,0.1737,0.1686,0.1304,0.1038,0.1021,0.0171,0.0127,NO
1.0,1.0,0.3527,0.1222,0.0355,0.0324,0.0121,0.0,0.0,0.0,YES
0.2522,0.1876,0.0576,0.0,0.0,0.0,0.0,0.0,0.0,0.0,NO
0.3673,0.1067,0.1004,0.0313,0.0,0.0,0.0,0.0,0.0,0.0,NO
0.0516,0.0258,0.0107,0.0075,0.0044,0.0,0.0,0.0,0.0,0.0,NO
0.3282,0.2431,0.0653,0.0427,0.0246,0.0189,0.0,0.0,0.0,0.0,NO
0.4327,0.3753,0.3104,0.2156,0.1398,0.1223,0.115,0.0911,0.0227,0.0,NO
0.294,0.1542,0.0868,0.0412,0.0393,0.017,0.0,0.0,0.0,0.0,NO
0.2471,0.2265,0.2102,0.208,0.1398,0.1316,0.0287,0.0102,0.0,0.0,NO
0.294,0.1276,0.0995,0.0256,0.0074,0.0,0.0,0.0,0.0,0.0,NO
0.2418,0.186,0.1705,0.1505,0.1398,0.1098,0.0,0.0,0.0,0.0,NO
1.0,1.0,1.0,0.273,0.1264,0.052,0.0508,0.0083,0.0,0.0,YES
1.0,1.0,1.0,0.3502,0.1734,0.0991,0.0798,0.069,0.02,0.0,YES
1.0,1.0,0.6467,0.4457,0.1822,0.1105,0.0,0.0,0.0,0.0,YES
1.0,1.0,0.5412,0.2911,0.0688,0.0325,0.0108,0.0107,0.0,0.0,YES
0.3753,0.2866,0.2351,0.1288,0.0962,0.0644,0.0256,0.0,0.0,0.0,NO
1.0,0.5682,0.5412,0.2696,0.1668,0.1594,0.1107,0.063,0.0224,0.0,YES
0.3753,0.2866,0.2458,0.2251,0.2156,0.1759,0.0395,0.0192,0.0146,0.0,NO
1.0,0.9589,0.2613,0.0866,0.0787,0.065,0.0,0.0,0.0,0.0,YES
1.0,0.0662,0.0376,0.0313,0.0215,0.0208,0.0165,0.011,0.0,0.0,YES
0.2893,0.2856,0.143,0.1233,0.0,0.0,0.0,0.0,0.0,0.0,NO
0.2576,0.2044,0.1909,0.1499,0.086,0.0685,0.0,0.0,0.0,0.0,NO
0.2013,0.1473,0.1325,0.0559,0.0,0.0,0.0,0.0,0.0,0.0,NO
0.2455,0.143,0.1426,0.061,0.0,0.0,0.0,0.0,0.0,0.0,NO
1.0,0.3322,0.2791,0.0506,0.0,0.0,0.0,0.0,0.0,0.0,YES
1.0,1.0,0.0684,0.0326,0.0267,0.0,0.0,0.0,0.0,0.0,YES
0.2455,0.1287,0.1251,0.1144,0.1121,0.107,0.0,0.0,0.0,0.0,NO
0.1054,0.0728,0.0,0.0,0.0,0.0,0.0,0.0,0.0,0.0,NO
0.1488,0.143,0.1276,0.1118,0.0357,0.0245,0.0,0.0,0.0,0.0,NO
0.1216,0.1189,0.1102,0.0508,0.0205,0.0,0.0,0.0,0.0,0.0,NO
0.196,0.0509,0.0,0.0,0.0,0.0,0.0,0.0,0.0,0.0,NO
0.3413,0.3144,0.0845,0.0644,0.0,0.0,0.0,0.0,0.0,0.0,NO
0.0756,0.0693,0.0442,0.0221,0.0,0.0,0.0,0.0,0.0,0.0,NO
1.0,0.8269,0.2476,0.0272,0.0168,0.0168,0.0,0.0,0.0,0.0,YES
0.2278,0.1909,0.1177,0.0985,0.0897,0.0,0.0,0.0,0.0,0.0,NO
1.0,1.0,0.8716,0.0337,0.028,0.0153,0.0,0.0,0.0,0.0,YES
0.2013,0.1176,0.1127,0.1029,0.0978,0.0865,0.0,0.0,0.0,0.0,NO
1.0,1.0,1.0,0.0214,0.0,0.0,0.0,0.0,0.0,0.0,YES
0.2013,0.1,0.0941,0.0774,0.0,0.0,0.0,0.0,0.0,0.0,NO
0.1769,0.1136,0.0838,0.0276,0.0,0.0,0.0,0.0,0.0,0.0,NO
0.2104,0.1457,0.1021,0.0864,0.0849,0.0372,0.0,0.0,0.0,0.0,NO
0.1854,0.0583,0.0,0.0,0.0,0.0,0.0,0.0,0.0,0.0,NO
0.2251,0.1107,0.1087,0.0824,0.0589,0.0346,0.0303,0.0194,0.0,0.0,NO
0.2455,0.2189,0.0775,0.0,0.0,0.0,0.0,0.0,0.0,0.0,NO
0.2251,0.2142,0.1724,0.1366,0.0511,0.0,0.0,0.0,0.0,0.0,NO
0.2455,0.1469,0.143,0.1342,0.0732,0.0,0.0,0.0,0.0,0.0,NO
0.3011,0.2556,0.2493,0.1918,0.1584,0.1203,0.1129,0.0525,0.0,0.0,NO
0.2011,0.116,0.1089,0.0737,0.0521,0.0513,0.045,0.0433,0.0389,0.0259,NO
0.5033,0.3603,0.3413,0.2257,0.1804,0.1387,0.1124,0.0712,0.0502,0.0478,YES
1.0,1.0,0.6477,0.6407,0.5897,0.1029,0.0931,0.0518,0.0338,0.0,YES
0.7917,0.694,0.6477,0.5589,0.4589,0.083,0.0689,0.0491,0.0243,0.0,YES
0.6382,0.3603,0.3413,0.3403,0.3253,0.2398,0.2301,0.1969,0.0744,0.0542,YES
0.2651,0.2011,0.1804,0.1689,0.1296,0.1261,0.0696,0.0608,0.0549,0.0,NO
0.2493,0.1652,0.1327,0.0489,0.0404,0.0396,0.0273,0.0243,0.0197,0.0138,NO
1.0,0.3021,0.2924,0.2856,0.2676,0.2047,0.038,0.0285,0.0259,0.0207,YES
0.3816,0.3027,0.1787,0.149,0.1373,0.1061,0.0648,0.0512,0.0,0.0,NO
0.4491,0.4224,0.3603,0.3413,0.308,0.2676,0.1869,0.1224,0.0962,0.0516,YES
0.2147,0.1787,0.0807,0.049,0.0486,0.0296,0.0222,0.0201,0.0,0.0,NO
0.3877,0.2004,0.1924,0.0394,0.0335,0.0,0.0,0.0,0.0,0.0,NO
0.3877,0.3376,0.3325,0.146,0.1389,0.1292,0.0789,0.0686,0.052,0.0,NO
0.2412,0.0767,0.0526,0.0173,0.0125,0.0117,0.0046,0.0,0.0,0.0,NO
0.2493,0.1663,0.1349,0.112,0.0882,0.0639,0.0586,0.0409,0.0401,0.0,NO
1.0,1.0,1.0,0.4631,0.3204,0.1497,0.1247,0.0773,0.0667,0.0376,YES
0.2493,0.2011,0.144,0.1216,0.1103,0.1081,0.0802,0.0618,0.0386,0.0,NO
1.0,0.7917,0.6477,0.6162,0.6036,0.1626,0.0994,0.0197,0.017,0.0,YES
0.2493,0.2011,0.1652,0.0922,0.0843,0.0531,0.0046,0.0,0.0,0.0,NO
1.0,0.7917,0.5238,0.4542,0.3944,0.0982,0.0519,0.0,0.0,0.0,YES
0.3369,0.2147,0.1787,0.1086,0.0695,0.0356,0.0138,0.0,0.0,0.0,NO
0.5347,0.462,0.3397,0.2147,0.1809,0.1787,0.1431,0.1092,0.1079,0.0889,NO
0.4856,0.3056,0.2896,0.2147,0.1914,0.1869,0.1787,0.0,0.0,0.0,NO
0.2147,0.1587,0.0842,0.0837,0.0826,0.0764,0.0762,0.052,0.0223,0.0206,NO
1.0,0.3158,0.252,0.1998,0.185,0.1829,0.1763,0.1414,0.0505,0.044,YES
0.4444,0.2011,0.1602,0.1515,0.1317,0.1015,0.0579,0.0431,0.043,0.0,NO
1.0,0.4224,0.3603,0.3413,0.308,0.1371,0.0439,0.027,0.0243,0.0,YES
0.2748,0.2178,0.0823,0.0,0.0,0.0,0.0,0.0,0.0,0.0,NO
0.0666,0.0602,0.0456,0.0357,0.019,0.0,0.0,0.0,0.0,0.0,NO
0.1904,0.1172,0.1133,0.0829,0.0,0.0,0.0,0.0,0.0,0.0,NO
0.2382,0.0651,0.0586,0.0,0.0,0.0,0.0,0.0,0.0,0.0,NO
0.2101,0.0531,0.0422,0.0,0.0,0.0,0.0,0.0,0.0,0.0,NO
0.3946,0.2822,0.2707,0.2333,0.2319,0.0,0.0,0.0,0.0,0.0,NO
0.2601,0.1379,0.0952,0.0,0.0,0.0,0.0,0.0,0.0,0.0,NO
0.2866,0.1041,0.0958,0.0749,0.0739,0.031,0.0,0.0,0.0,0.0,NO
0.2962,0.2333,0.1898,0.1625,0.0359,0.0,0.0,0.0,0.0,0.0,NO
0.9462,0.6779,0.6376,0.2917,0.0866,0.0,0.0,0.0,0.0,0.0,YES
0.3093,0.1957,0.1414,0.1304,0.0953,0.0366,0.0,0.0,0.0,0.0,NO
0.9187,0.6779,0.3527,0.1407,0.0659,0.0348,0.0,0.0,0.0,0.0,YES
0.3166,0.2522,0.1272,0.0,0.0,0.0,0.0,0.0,0.0,0.0,NO
0.3375,0.3166,0.0901,0.0,0.0,0.0,0.0,0.0,0.0,0.0,NO
0.197,0.042,0.0217,0.0175,0.0,0.0,0.0,0.0,0.0,0.0,NO
0.2225,0.0752,0.0709,0.0522,0.0,0.0,0.0,0.0,0.0,0.0,NO
0.2933,0.2852,0.2483,0.1222,0.0936,0.0653,0.0,0.0,0.0,0.0,NO
0.2498,0.1542,0.0505,0.032,0.0,0.0,0.0,0.0,0.0,0.0,NO
0.2395,0.2102,0.1071,0.0812,0.0295,0.0,0.0,0.0,0.0,0.0,NO
0.2866,0.1276,0.0753,0.0173,0.0,0.0,0.0,0.0,0.0,0.0,NO
0.2221,0.2142,0.0894,0.0802,0.0,0.0,0.0,0.0,0.0,0.0,NO
1.0,0.9187,0.6779,0.3143,0.024,0.0,0.0,0.0,0.0,0.0,YES
1.0,0.9187,0.6779,0.4032,0.0807,0.0,0.0,0.0,0.0,0.0,YES
0.9187,0.6779,0.6467,0.5131,0.0,0.0,0.0,0.0,0.0,0.0,YES
1.0,0.9187,0.6231,0.1974,0.0683,0.056,0.0311,0.0,0.0,0.0,YES
0.2333,0.216,0.1155,0.0,0.0,0.0,0.0,0.0,0.0,0.0,NO
1.0,0.6231,0.3852,0.2476,0.1298,0.1076,0.0,0.0,0.0,0.0,YES
0.2333,0.2156,0.2026,0.1666,0.0421,0.0,0.0,0.0,0.0,0.0,NO
0.3011,0.1741,0.112,0.0824,0.0818,0.0763,0.0438,0.0345,0.0,0.0,NO
0.1676,0.116,0.1089,0.0634,0.0358,0.0349,0.0324,0.0312,0.0295,0.0207,NO
0.5033,0.1374,0.1193,0.1173,0.0899,0.081,0.077,0.0338,0.0,0.0,YES
1.0,0.6407,0.4266,0.4016,0.3875,0.0834,0.0651,0.0432,0.0315,0.0239,YES
0.694,0.5589,0.5392,0.3875,0.1958,0.0532,0.0496,0.0172,0.0,0.0,YES
0.6382,0.2335,0.1946,0.1658,0.1633,0.1383,0.1374,0.1239,0.1148,0.084,YES
0.2651,0.1676,0.1452,0.1186,0.1079,0.0908,0.0388,0.0,0.0,0.0,NO
0.1327,0.1168,0.0438,0.031,0.0286,0.0259,0.0173,0.0164,0.0115,0.0087,NO
1.0,0.2335,0.2058,0.1808,0.1148,0.1077,0.1038,0.0869,0.0216,0.0146,YES
0.433,0.3816,0.3027,0.1022,0.0912,0.0708,0.0586,0.0467,0.0176,0.0,NO
0.4491,0.2219,0.1869,0.1601,0.1415,0.1374,0.1148,0.1084,0.0655,0.0597,YES
0.1614,0.0694,0.0537,0.0493,0.035,0.0197,0.0185,0.0142,0.0,0.0,NO
0.3335,0.3108,0.1365,0.1154,0.0338,0.0329,0.0,0.0,0.0,0.0,NO
0.3376,0.3335,0.2304,0.2264,0.1052,0.0572,0.0428,0.0367,0.0,0.0,NO
0.2074,0.1929,0.042,0.0327,0.0212,0.0088,0.007,0.0023,0.0,0.0,NO
0.1386,0.0882,0.067,0.0575,0.055,0.0289,0.0263,0.0162,0.0,0.0,NO
1.0,1.0,0.4266,0.3153,0.1917,0.1287,0.0986,0.0937,0.0898,0.087,YES
0.1676,0.1018,0.0802,0.0751,0.0706,0.0647,0.0531,0.0519,0.032,0.0,NO
0.6162,0.6036,0.5392,0.4266,0.3875,0.1072,0.0962,0.0855,0.0839,0.0439,YES
0.1676,0.1168,0.0793,0.0704,0.0584,0.0574,0.0227,0.0,0.0,0.0,NO
0.5392,0.5238,0.4542,0.4266,0.236,0.0895,0.0845,0.075,0.061,0.0,YES
0.4576,0.3369,0.1101,0.0739,0.0501,0.0297,0.0098,0.0,0.0,0.0,NO
0.5347,0.462,0.4576,0.2314,0.1413,0.1083,0.0995,0.0807,0.0787,0.0611,NO
0.4856,0.3056,0.2959,0.1798,0.1733,0.0,0.0,0.0,0.0,0.0,NO
0.4576,0.2183,0.1587,0.072,0.056,0.0519,0.0332,0.0326,0.0247,0.0186,NO
1.0,0.2335,0.1508,0.127,0.1216,0.0874,0.078,0.0745,0.068,0.0367,YES
0.4576,0.4444,0.2183,0.1369,0.1299,0.1133,0.1091,0.0742,0.0684,0.0663,NO
1.0,0.2335,0.2219,0.1487,0.1374,0.0986,0.071,0.0585,0.0516,0.0225,YES
0.2988,0.1663,0.0777,0.0736,0.0717,0.0381,0.0,0.0,0.0,0.0,NO
0.2816,0.082,0.0724,0.0348,0.0271,0.0131,0.0094,0.0077,0.0,0.0,NO
0.2809,0.1868,0.1544,0.0853,0.0358,0.0,0.0,0.0,0.0,0.0,NO
0.2489,0.1985,0.1818,0.1792,0.0725,0.0655,0.0,0.0,0.0,0.0,NO
0.2405,0.2287,0.1728,0.0911,0.0,0.0,0.0,0.0,0.0,0.0,NO
0.4162,0.3013,0.2524,0.2383,0.1192,0.0729,0.0391,0.0,0.0,0.0,NO
0.2831,0.2816,0.188,0.0834,0.066,0.0,0.0,0.0,0.0,0.0,NO
0.2988,0.1133,0.1104,0.0564,0.0422,0.0193,0.0182,0.008,0.0,0.0,NO
0.2383,0.2261,0.1769,0.0836,0.0362,0.0342,0.0,0.0,0.0,0.0,NO
1.0,0.694,0.4167,0.2227,0.1181,0.095,0.0365,0.0273,0.0,0.0,YES
0.2887,0.2383,0.2361,0.1038,0.0574,0.0465,0.0292,0.0243,0.0,0.0,NO
1.0,1.0,0.1553,0.1074,0.0899,0.0355,0.031,0.0,0.0,0.0,YES
0.4316,0.1876,0.1111,0.0701,0.0609,0.0552,0.0,0.0,0.0,0.0,NO
0.4316,0.3673,0.101,0.0961,0.0888,0.084,0.0,0.0,0.0,0.0,NO
0.2685,0.0258,0.0207,0.0152,0.0047,0.0,0.0,0.0,0.0,0.0,NO
0.3282,0.2988,0.2328,0.0712,0.0574,0.0268,0.022,0.0,0.0,0.0,NO
0.4327,0.3104,0.2489,0.1985,0.1895,0.1666,0.1407,0.082,0.0,0.0,NO
0.2988,0.2816,0.0688,0.0679,0.0335,0.0241,0.02,0.0,0.0,0.0,NO
0.2405,0.1985,0.1829,0.1534,0.1107,0.0926,0.0275,0.0,0.0,0.0,NO
0.2988,0.2816,0.1026,0.0562,0.0256,0.0256,0.0105,0.0,0.0,0.0,NO
0.2418,0.2405,0.1985,0.1635,0.1304,0.1093,0.0,0.0,0.0,0.0,NO
1.0,1.0,0.4404,0.2399,0.0498,0.033,0.0,0.0,0.0,0.0,YES
1.0,1.0,0.4404,0.3078,0.1331,0.1032,0.0695,0.0629,0.0284,0.0,YES
1.0,1.0,0.3917,0.2848,0.0761,0.0,0.0,0.0,0.0,0.0,YES
1.0,0.4757,0.4404,0.2911,0.0931,0.0513,0.0395,0.0312,0.0246,0.0231,YES
0.2351,0.1574,0.1411,0.0616,0.0363,0.0,0.0,0.0,0.0,0.0,NO
0.5682,0.4757,0.4404,0.2696,0.1466,0.1378,0.0611,0.0603,0.0515,0.0318,YES
0.2458,0.1546,0.1071,0.0949,0.0378,0.0272,0.0,0.0,0.0,0.0,NO
0.3496,0.1321,0.1175,0.1025,0.0489,0.0215,0.0,0.0,0.0,0.0,NO
0.1871,0.0731,0.0573,0.0361,0.0044,0.0,0.0,0.0,0.0,0.0,NO
0.3271,0.3061,0.2809,0.1881,0.0203,0.0,0.0,0.0,0.0,0.0,NO
0.3822,0.1124,0.1073,0.1045,0.0934,0.0482,0.0,0.0,0.0,0.0,NO
0.1139,0.0853,0.0753,0.0516,0.0,0.0,0.0,0.0,0.0,0.0,NO
0.6333,0.4162,0.3905,0.3745,0.3271,0.1974,0.1258,0.0221,0.0,0.0,NO
0.1871,0.1411,0.0,0.0,0.0,0.0,0.0,0.0,0.0,0.0,NO
0.1187,0.1104,0.0699,0.0565,0.0498,0.0444,0.0298,0.0128,0.0045,0.0,NO
0.4753,0.3905,0.3745,0.2654,0.1384,0.0881,0.0241,0.0,0.0,0.0,NO
1.0,0.6902,0.4682,0.3458,0.0598,0.0464,0.0154,0.0,0.0,0.0,YES
0.4964,0.3905,0.3271,0.2887,0.227,0.0951,0.0517,0.0138,0.0,0.0,NO
1.0,0.4983,0.2572,0.2258,0.0206,0.0,0.0,0.0,0.0,0.0,YES
0.1876,0.184,0.1746,0.1149,0.0367,0.0,0.0,0.0,0.0,0.0,NO
0.183,0.1455,0.1261,0.0639,0.0,0.0,0.0,0.0,0.0,0.0,NO
0.0674,0.0258,0.0086,0.0077,0.0,0.0,0.0,0.0,0.0,0.0,NO
0.3282,0.1547,0.1207,0.0152,0.0,0.0,0.0,0.0,0.0,0.0,NO
0.4327,0.3984,0.1547,0.1503,0.1344,0.1124,0.0,0.0,0.0,0.0,NO
0.1871,0.1125,0.0514,0.035,0.0137,0.0,0.0,0.0,0.0,0.0,NO
0.3844,0.1719,0.1533,0.1124,0.0183,0.0,0.0,0.0,0.0,0.0,NO
0.1871,0.093,0.0256,0.006,0.0,0.0,0.0,0.0,0.0,0.0,NO
0.3438,0.1435,0.1205,0.1124,0.0,0.0,0.0,0.0,0.0,0.0,NO
1.0,0.7294,0.5044,0.4983,0.0331,0.0,0.0,0.0,0.0,0.0,YES
1.0,0.7294,0.6471,0.4983,0.1295,0.114,0.0161,0.0,0.0,0.0,YES
1.0,0.8236,0.4983,0.4717,0.1696,0.0,0.0,0.0,0.0,0.0,YES
1.0,0.7294,0.4983,0.2911,0.0899,0.0841,0.0765,0.0207,0.0086,0.0,YES
0.3745,0.2313,0.1813,0.1172,0.0409,0.0205,0.0,0.0,0.0,0.0,NO
1.0,0.7294,0.5682,0.2257,0.2083,0.1343,0.0401,0.018,0.0,0.0,YES
0.3745,0.3271,0.3251,0.2458,0.1756,0.1572,0.0251,0.0154,0.0,0.0,NO
0.3496,0.2944,0.2636,0.1448,0.1045,0.055,0.0289,0.0,0.0,0.0,NO
0.0731,0.0596,0.0558,0.0454,0.0203,0.0083,0.0059,0.0,0.0,0.0,NO
0.242,0.179,0.1489,0.1433,0.0888,0.0753,0.0272,0.0,0.0,0.0,NO
0.3822,0.3081,0.1506,0.0827,0.0628,0.0502,0.0,0.0,0.0,0.0,NO
0.2688,0.1882,0.0691,0.0675,0.0452,0.0,0.0,0.0,0.0,0.0,NO
0.6333,0.3069,0.2964,0.2652,0.2435,0.2078,0.1829,0.0297,0.0,0.0,NO
0.233,0.102,0.0736,0.0,0.0,0.0,0.0,0.0,0.0,0.0,NO
0.307,0.2636,0.1187,0.0933,0.0861,0.0704,0.0638,0.0394,0.0139,0.0061,NO
0.4809,0.4753,0.2964,0.1829,0.1707,0.1456,0.0384,0.0302,0.0,0.0,NO
0.8511,0.6371,0.5713,0.4682,0.1455,0.028,0.0207,0.0,0.0,0.0,YES
0.4964,0.216,0.1839,0.1829,0.1796,0.1173,0.0854,0.0392,0.0184,0.0,NO
0.8232,0.6371,0.3172,0.2258,0.0373,0.0313,0.0,0.0,0.0,0.0,YES
0.2269,0.1195,0.0538,0.0,0.0,0.0,0.0,0.0,0.0,0.0,NO
0.3024,0.0965,0.0681,0.0,0.0,0.0,0.0,0.0,0.0,0.0,NO
0.0534,0.0232,0.0183,0.0164,0.0115,0.0036,0.0,0.0,0.0,0.0,NO
0.2636,0.2091,0.1207,0.076,0.0203,0.0,0.0,0.0,0.0,0.0,NO
0.4809,0.3984,0.2756,0.2555,0.1506,0.119,0.0699,0.0629,0.0,0.0,NO
0.2676,0.2636,0.1387,0.0406,0.0183,0.0,0.0,0.0,0.0,0.0,NO
0.3844,0.2902,0.1891,0.1506,0.1361,0.0316,0.0,0.0,0.0,0.0,NO
0.307,0.2636,0.1147,0.0163,0.008,0.0,0.0,0.0,0.0,0.0,NO
0.3438,0.2184,0.199,0.1506,0.1136,0.0,0.0,0.0,0.0,0.0,NO
0.8995,0.8232,0.6371,0.5044,0.162,0.0257,0.0,0.0,0.0,0.0,YES
0.8995,0.8232,0.6471,0.6371,0.2222,0.1025,0.0555,0.0534,0.0216,0.0,YES
0.8236,0.8232,0.6371,0.5817,0.2335,0.0,0.0,0.0,0.0,0.0,YES
1.0,0.8995,0.8232,0.1855,0.0711,0.0394,0.0334,0.0217,0.0115,0.0,YES
0.4809,0.2964,0.1935,0.1083,0.0275,0.0,0.0,0.0,0.0,0.0,NO
1.0,0.8995,0.362,0.2219,0.2137,0.1649,0.1057,0.0455,0.0241,0.0,YES
0.4809,0.3251,0.2964,0.1939,0.1566,0.0822,0.0451,0.0207,0.0,0.0,NO
0.3496,0.1642,0.0579,0.057,0.0504,0.0,0.0,0.0,0.0,0.0,NO
0.0731,0.0724,0.0419,0.0385,0.0247,0.0125,0.0113,0.0102,0.0096,0.0,NO
0.208,0.1085,0.0812,0.0495,0.0475,0.0,0.0,0.0,0.0,0.0,NO
0.3847,0.3822,0.263,0.1192,0.0451,0.0448,0.035,0.0,0.0,0.0,NO
0.267,0.2287,0.1207,0.1192,0.0368,0.0252,0.0,0.0,0.0,0.0,NO
0.6333,0.3083,0.2565,0.2524,0.1636,0.1616,0.0598,0.0518,0.0,0.0,NO
0.2831,0.1311,0.102,0.0623,0.0569,0.0332,0.0,0.0,0.0,0.0,NO
0.1712,0.1187,0.1133,0.0908,0.0818,0.0215,0.0106,0.005,0.0,0.0,NO
0.4753,0.1798,0.1769,0.1616,0.0984,0.0556,0.0214,0.0,0.0,0.0,NO
0.8966,0.7406,0.694,0.4682,0.1468,0.0782,0.0361,0.0,0.0,0.0,YES
0.4964,0.2138,0.2031,0.1236,0.1038,0.0979,0.0719,0.0537,0.0492,0.0322,NO
1.0,0.7406,0.3342,0.2258,0.0594,0.0208,0.0,0.0,0.0,0.0,YES
0.3435,0.239,0.1389,0.0,0.0,0.0,0.0,0.0,0.0,0.0,NO
0.3673,0.2546,0.1299,0.0621,0.0538,0.0,0.0,0.0,0.0,0.0,NO
0.2131,0.0291,0.0202,0.0191,0.0129,0.0021,0.0,0.0,0.0,0.0,NO
0.2431,0.1207,0.0424,0.0355,0.0339,0.0206,0.0,0.0,0.0,0.0,NO
0.3984,0.3847,0.3204,0.3104,0.263,0.1089,0.0649,0.0589,0.039,0.0,NO
0.1492,0.1461,0.032,0.0309,0.0222,0.0199,0.0,0.0,0.0,0.0,NO
0.3844,0.263,0.2371,0.1992,0.1192,0.0782,0.0742,0.0485,0.0176,0.0,NO
0.1712,0.1209,0.0778,0.0189,0.014,0.0,0.0,0.0,0.0,0.0,NO
0.3438,0.263,0.2418,0.2015,0.0726,0.0674,0.0619,0.0,0.0,0.0,NO
1.0,0.9475,0.7406,0.5044,0.0143,0.0,0.0,0.0,0.0,0.0,YES
1.0,0.9475,0.7406,0.6471,0.2057,0.11,0.0559,0.0519,0.0376,0.0333,YES
1.0,0.8236,0.7406,0.6127,0.1176,0.092,0.0533,0.0,0.0,0.0,YES
1.0,1.0,0.9475,0.2156,0.061,0.0388,0.0201,0.0186,0.0,0.0,YES
0.2351,0.1616,0.1518,0.0966,0.0481,0.0464,0.0,0.0,0.0,0.0,NO
1.0,0.9475,0.4208,0.2696,0.0899,0.082,0.0421,0.0,0.0,0.0,YES
0.3251,0.2042,0.2031,0.182,0.1643,0.1616,0.0361,0.0252,0.0,0.0,NO
0.3527,0.3011,0.2734,0.2433,0.2043,0.1994,0.1873,0.1866,0.0815,0.0,NO
0.1531,0.146,0.116,0.0907,0.0402,0.0392,0.0353,0.0333,0.0168,0.0144,NO
0.6363,0.6026,0.5321,0.5033,0.5022,0.3649,0.3499,0.0781,0.0734,0.0535,YES
0.6407,0.4136,0.2789,0.2048,0.1881,0.1865,0.1817,0.1444,0.0519,0.0,YES
0.5589,0.4136,0.2526,0.2278,0.2236,0.1465,0.0453,0.0374,0.0,0.0,YES
1.0,0.7471,0.679,0.6382,0.6363,0.6026,0.5276,0.3393,0.2077,0.0793,YES
0.4093,0.201,0.1201,0.1152,0.0843,0.0763,0.0561,0.0,0.0,0.0,NO
0.2734,0.2538,0.1329,0.1327,0.1287,0.0864,0.0636,0.0518,0.0225,0.021,NO
1.0,1.0,0.9273,0.679,0.5164,0.4725,0.3174,0.2547,0.1929,0.0351,YES
0.3027,0.2509,0.2104,0.1905,0.1376,0.104,0.0904,0.0717,0.0,0.0,NO
1.0,0.679,0.6549,0.6363,0.606,0.6026,0.4491,0.266,0.1709,0.055,YES
0.1983,0.1905,0.1578,0.121,0.0865,0.0544,0.0325,0.0308,0.0,0.0,NO
0.3398,0.3146,0.1998,0.0639,0.0357,0.0,0.0,0.0,0.0,0.0,NO
0.474,0.253,0.2453,0.2332,0.2003,0.1061,0.0798,0.0728,0.0,0.0,NO
0.1952,0.18,0.0929,0.0192,0.019,0.0134,0.0074,0.0049,0.0,0.0,NO
0.2734,0.0715,0.0708,0.0646,0.0628,0.0625,0.0,0.0,0.0,0.0,NO
1.0,0.4049,0.4013,0.2337,0.2135,0.2046,0.1477,0.0998,0.0824,0.0616,YES
0.2734,0.2212,0.1371,0.069,0.0682,0.0352,0.0,0.0,0.0,0.0,NO
0.6036,0.4591,0.4136,0.2526,0.2521,0.206,0.0445,0.0261,0.0,0.0,YES
0.2734,0.2538,0.0712,0.0269,0.0049,0.0,0.0,0.0,0.0,0.0,NO
0.4542,0.3831,0.2526,0.2518,0.1842,0.0617,0.0479,0.0,0.0,0.0,YES
0.3369,0.2703,0.2256,0.1983,0.1905,0.0346,0.0213,0.0,0.0,0.0,NO
0.462,0.3547,0.3467,0.3458,0.1983,0.1981,0.1905,0.1672,0.157,0.1155,NO
0.4856,0.4412,0.33,0.2968,0.1983,0.1905,0.1849,0.0,0.0,0.0,NO
0.5358,0.24,0.1983,0.1488,0.1462,0.1458,0.0554,0.0276,0.0243,0.0225,NO
1.0,1.0,0.5722,0.4896,0.4021,0.3528,0.3268,0.1609,0.0885,0.0466,YES
0.5562,0.5358,0.4918,0.4444,0.3924,0.1082,0.0751,0.0641,0.0534,0.0471,NO
1.0,1.0,1.0,0.6549,0.6363,0.6026,0.3052,0.1742,0.1505,0.0468,YES
0.3183,0.2133,0.1214,0.056,0.0,0.0,0.0,0.0,0.0,0.0,NO
0.146,0.1382,0.0994,0.0514,0.0468,0.024,0.0113,0.0092,0.0,0.0,NO
0.5557,0.4533,0.3649,0.2029,0.1872,0.0826,0.0527,0.0,0.0,0.0,YES
0.6395,0.2918,0.2583,0.2517,0.2205,0.1947,0.0,0.0,0.0,0.0,NO
0.6395,0.2253,0.2236,0.2056,0.153,0.1339,0.029,0.0,0.0,0.0,NO
0.9027,0.7471,0.709,0.3212,0.2573,0.1225,0.0575,0.032,0.0,0.0,YES
0.4093,0.2279,0.1781,0.0585,0.0359,0.0,0.0,0.0,0.0,0.0,NO
0.1287,0.12,0.054,0.0535,0.0325,0.027,0.0144,0.0118,0.0,0.0,NO
0.9273,0.9027,0.709,0.4032,0.2983,0.0224,0.0,0.0,0.0,0.0,YES
0.2942,0.2104,0.1431,0.122,0.1086,0.088,0.0841,0.0401,0.0,0.0,NO
1.0,0.709,0.547,0.2642,0.1811,0.0849,0.0412,0.0357,0.0132,0.0,YES
0.2942,0.1578,0.1268,0.1089,0.0,0.0,0.0,0.0,0.0,0.0,NO
0.5231,0.2086,0.0552,0.0,0.0,0.0,0.0,0.0,0.0,0.0,NO
0.5231,0.474,0.2642,0.0744,0.0466,0.0,0.0,0.0,0.0,0.0,NO
0.3254,0.1625,0.0224,0.014,0.0115,0.0076,0.0,0.0,0.0,0.0,NO
0.1106,0.0966,0.0863,0.0394,0.0195,0.0,0.0,0.0,0.0,0.0,NO
0.4049,0.4032,0.3623,0.3163,0.2918,0.2441,0.2205,0.2019,0.1273,0.0394,NO
0.1238,0.1067,0.0834,0.0355,0.0177,0.0,0.0,0.0,0.0,0.0,NO
0.6395,0.4144,0.2918,0.2433,0.1359,0.1342,0.0,0.0,0.0,0.0,NO
0.1244,0.0155,0.0075,0.0,0.0,0.0,0.0,0.0,0.0,0.0,NO
0.3894,0.3458,0.2918,0.1831,0.1325,0.1155,0.0307,0.0,0.0,0.0,NO
0.2942,0.2256,0.1358,0.1268,0.0,0.0,0.0,0.0,0.0,0.0,NO
0.3547,0.3121,0.2942,0.2069,0.1863,0.1786,0.1268,0.1179,0.0418,0.0,NO
0.2942,0.2859,0.1958,0.1268,0.0674,0.0,0.0,0.0,0.0,0.0,NO
0.2166,0.1527,0.1268,0.1129,0.0856,0.035,0.0223,0.0,0.0,0.0,NO
0.9027,0.5722,0.4199,0.4032,0.2488,0.1908,0.0534,0.0298,0.0,0.0,YES
0.5021,0.4918,0.4098,0.1792,0.1777,0.1672,0.0468,0.0342,0.0,0.0,NO
1.0,0.9027,0.4032,0.3187,0.0723,0.04,0.0,0.0,0.0,0.0,YES
0.3229,0.3011,0.2138,0.1918,0.0609,0.0,0.0,0.0,0.0,0.0,NO
0.2331,0.116,0.0928,0.0884,0.0661,0.0547,0.0545,0.0389,0.0371,0.0,NO
0.5033,0.3045,0.1804,0.1664,0.1541,0.0,0.0,0.0,0.0,0.0,YES
1.0,0.7449,0.6773,0.6407,0.6066,0.1691,0.06,0.0,0.0,0.0,YES
1.0,0.6773,0.5589,0.4589,0.421,0.1381,0.117,0.0,0.0,0.0,YES
0.6382,0.6062,0.3402,0.3029,0.2283,0.1969,0.1292,0.0,0.0,0.0,YES
0.2331,0.2026,0.1886,0.1608,0.1449,0.0,0.0,0.0,0.0,0.0,NO
0.1327,0.0806,0.0606,0.058,0.0404,0.0286,0.016,0.0,0.0,0.0,NO
1.0,0.6062,0.3159,0.0905,0.03,0.0,0.0,0.0,0.0,0.0,YES
0.5486,0.3551,0.3027,0.2315,0.1373,0.1272,0.0,0.0,0.0,0.0,NO
0.4491,0.3674,0.2798,0.1584,0.1224,0.1216,0.1134,0.0531,0.0,0.0,YES
0.5486,0.5117,0.0968,0.0257,0.0,0.0,0.0,0.0,0.0,0.0,NO
0.4651,0.2531,0.1029,0.0457,0.0,0.0,0.0,0.0,0.0,0.0,NO
0.4651,0.42,0.2048,0.188,0.0796,0.0,0.0,0.0,0.0,0.0,NO
0.2893,0.1091,0.0767,0.0141,0.0122,0.0,0.0,0.0,0.0,0.0,NO
0.1928,0.1801,0.1349,0.1171,0.0767,0.0535,0.0,0.0,0.0,0.0,NO
1.0,1.0,0.6066,0.5849,0.3351,0.2433,0.2373,0.1795,0.1589,0.0,YES
0.2331,0.1393,0.1216,0.113,0.0831,0.0741,0.0487,0.0,0.0,0.0,NO
1.0,1.0,0.6773,0.6036,0.3738,0.2783,0.1193,0.0228,0.0,0.0,YES
0.2331,0.1106,0.1064,0.0531,0.014,0.0,0.0,0.0,0.0,0.0,NO
1.0,1.0,0.4542,0.4124,0.3177,0.2323,0.1237,0.1178,0.0,0.0,YES
0.5486,0.5117,0.3369,0.1371,0.0412,0.0,0.0,0.0,0.0,0.0,NO
0.5486,0.5117,0.462,0.4291,0.3244,0.2096,0.1892,0.1431,0.0,0.0,NO
0.5486,0.5117,0.4856,0.3028,0.1854,0.0,0.0,0.0,0.0,0.0,NO
0.5117,0.1597,0.1455,0.1003,0.0963,0.0962,0.0764,0.0258,0.0,0.0,NO
1.0,0.6062,0.2636,0.1829,0.1696,0.1203,0.051,0.0,0.0,0.0,YES
0.4444,0.3372,0.3117,0.254,0.1602,0.158,0.1379,0.0499,0.0,0.0,NO
1.0,0.6062,0.1371,0.1348,0.0313,0.0,0.0,0.0,0.0,0.0,YES
0.3133,0.2356,0.0209,0.0,0.0,0.0,0.0,0.0,0.0,0.0,NO
0.1504,0.1023,0.0824,0.0551,0.0447,0.015,0.014,0.0014,0.0,0.0,NO
1.0,1.0,0.3356,0.206,0.106,0.1037,0.0063,0.0,0.0,0.0,YES
0.5554,0.2856,0.1863,0.1374,0.0045,0.0,0.0,0.0,0.0,0.0,NO
0.5554,0.2302,0.1522,0.1262,0.0954,0.0032,0.0,0.0,0.0,0.0,NO
1.0,1.0,0.6681,0.4218,0.2789,0.1571,0.0,0.0,0.0,0.0,YES
0.2311,0.1546,0.1262,0.0477,0.0364,0.0073,0.0,0.0,0.0,0.0,NO
0.1358,0.0888,0.0726,0.0417,0.0234,0.0218,0.0,0.0,0.0,0.0,NO
0.8116,0.784,0.6681,0.5236,0.2591,0.0027,0.0,0.0,0.0,0.0,YES
0.3773,0.142,0.1188,0.0793,0.0524,0.0285,0.0,0.0,0.0,0.0,NO
1.0,1.0,0.5646,0.4049,0.2294,0.1089,0.0257,0.0195,0.0028,0.0,YES
0.3773,0.1436,0.0891,0.0603,0.0216,0.0027,0.0,0.0,0.0,0.0,NO
0.534,0.2898,0.125,0.0708,0.0,0.0,0.0,0.0,0.0,0.0,NO
0.3856,0.2898,0.2676,0.0926,0.0464,0.0069,0.0,0.0,0.0,0.0,NO
0.1803,0.1542,0.1203,0.0775,0.01,0.0097,0.0016,0.0,0.0,0.0,NO
0.1238,0.1176,0.096,0.0478,0.0121,0.0054,0.0,0.0,0.0,0.0,NO
0.2747,0.2681,0.2286,0.1633,0.1374,0.1119,0.0396,0.005,0.0,0.0,NO
0.1071,0.0927,0.0916,0.0462,0.019,0.011,0.0,0.0,0.0,0.0,NO
0.5554,0.3067,0.0847,0.0743,0.0177,0.0022,0.0,0.0,0.0,0.0,NO
0.0689,0.0283,0.0218,0.0096,0.0,0.0,0.0,0.0,0.0,0.0,NO
0.3382,0.256,0.0734,0.072,0.0245,0.0,0.0,0.0,0.0,0.0,NO
0.3773,0.1273,0.0018,0.0,0.0,0.0,0.0,0.0,0.0,0.0,NO
0.3773,0.2604,0.231,0.2002,0.1551,0.0735,0.04,0.0,0.0,0.0,NO
0.5187,0.3773,0.2483,0.042,0.0,0.0,0.0,0.0,0.0,0.0,NO
0.242,0.2338,0.1604,0.1098,0.0625,0.0218,0.0024,0.0,0.0,0.0,NO
0.6681,0.5544,0.5422,0.3231,0.2161,0.1057,0.0352,0.0,0.0,0.0,YES
0.3716,0.2777,0.2144,0.0985,0.0298,0.0,0.0,0.0,0.0,0.0,NO
1.0,1.0,0.6681,0.5646,0.0927,0.0598,0.0032,0.0,0.0,0.0,YES
0.119,0.1186,0.11,0.0736,0.0626,0.0377,0.0309,0.0183,0.0,0.0,NO
0.1184,0.0804,0.0518,0.0347,0.0337,0.0284,0.0208,0.0201,0.0127,0.0076,NO
0.1231,0.0981,0.0976,0.0589,0.0521,0.0477,0.043,0.0339,0.0332,0.0,YES
1.0,0.3265,0.3188,0.2745,0.1567,0.0344,0.0305,0.0235,0.0201,0.0,YES
1.0,0.3685,0.2213,0.1498,0.1367,0.0319,0.0169,0.0,0.0,0.0,YES
0.5022,0.1561,0.1252,0.1116,0.1067,0.0643,0.0637,0.0477,0.0332,0.0267,YES
0.2784,0.1188,0.1184,0.1146,0.0845,0.0585,0.0381,0.0331,0.0,0.0,NO
0.1186,0.1148,0.0422,0.0324,0.0184,0.0169,0.0132,0.0095,0.0095,0.0081,NO
0.4664,0.2445,0.1324,0.1252,0.0374,0.0249,0.0187,0.0152,0.0144,0.0136,YES
0.153,0.1217,0.0934,0.0746,0.074,0.0684,0.0448,0.0301,0.0246,0.0192,NO
0.4131,0.1428,0.1252,0.1098,0.0596,0.0477,0.0469,0.0448,0.0442,0.04,YES
0.153,0.0568,0.0519,0.0348,0.0225,0.0141,0.0139,0.013,0.0118,0.0068,NO
0.3002,0.2728,0.0933,0.0368,0.0287,0.0249,0.0232,0.0,0.0,0.0,NO
0.2728,0.2225,0.1548,0.1076,0.0677,0.0466,0.0404,0.0361,0.0,0.0,NO
0.1863,0.1697,0.025,0.018,0.0087,0.0082,0.0074,0.0039,0.0025,0.0,NO
0.1729,0.1186,0.0979,0.0502,0.045,0.044,0.0284,0.0281,0.0063,0.0056,NO
0.4947,0.3265,0.3188,0.2445,0.2155,0.1053,0.0952,0.0662,0.0578,0.0431,YES
0.1669,0.1186,0.1184,0.1,0.0513,0.0435,0.0397,0.0256,0.0152,0.0,NO
1.0,0.3685,0.3265,0.1965,0.1476,0.07,0.0424,0.0208,0.0202,0.0118,YES
0.1186,0.1184,0.1148,0.068,0.0649,0.0392,0.0173,0.0126,0.0039,0.0,NO
0.6089,0.3685,0.3265,0.167,0.1111,0.0691,0.0589,0.018,0.0,0.0,YES
0.153,0.0987,0.0824,0.0505,0.0322,0.0265,0.0209,0.0096,0.0,0.0,NO
0.2793,0.1705,0.1581,0.153,0.113,0.0987,0.0961,0.0506,0.0467,0.0365,NO
0.4471,0.153,0.1187,0.0974,0.0639,0.0432,0.0,0.0,0.0,0.0,NO
0.0987,0.0589,0.0525,0.0506,0.0445,0.0355,0.027,0.025,0.0131,0.0125,NO
0.3891,0.2445,0.0995,0.0845,0.0817,0.0741,0.0597,0.0259,0.0258,0.0,YES
0.1087,0.0987,0.0936,0.0927,0.0869,0.0724,0.0717,0.0702,0.0525,0.0523,NO
0.2445,0.1436,0.1428,0.0563,0.0477,0.0448,0.0376,0.0213,0.0171,0.0169,YES
0.6459,0.6145,0.2613,0.102,0.0859,0.0783,0.059,0.0541,0.0253,0.0,YES
1.0,0.0765,0.0474,0.0446,0.0393,0.0193,0.018,0.0169,0.0092,0.0051,YES
0.1949,0.1755,0.1706,0.1537,0.1469,0.1441,0.0238,0.0086,0.0,0.0,NO
0.2576,0.2171,0.1377,0.132,0.1249,0.0939,0.0606,0.0539,0.0,0.0,NO
0.1894,0.1676,0.0992,0.0606,0.0,0.0,0.0,0.0,0.0,0.0,NO
0.2215,0.2163,0.1961,0.1556,0.0615,0.0508,0.026,0.0127,0.0,0.0,NO
1.0,0.2238,0.1754,0.1715,0.1613,0.0844,0.0,0.0,0.0,0.0,YES
0.6735,0.6145,0.0684,0.045,0.0292,0.0218,0.0149,0.0053,0.0034,0.0,YES
0.3389,0.1961,0.1333,0.1287,0.1168,0.0843,0.0703,0.0431,0.0,0.0,NO
0.2151,0.1151,0.1102,0.1026,0.0963,0.0304,0.03,0.0181,0.0,0.0,NO
0.275,0.1961,0.1522,0.122,0.0859,0.066,0.0297,0.0204,0.0162,0.0088,NO
0.1102,0.0839,0.0819,0.0802,0.0731,0.0731,0.0555,0.0304,0.0,0.0,NO
0.4228,0.4028,0.196,0.0577,0.0573,0.0424,0.0057,0.0,0.0,0.0,NO
0.4028,0.3413,0.3133,0.2118,0.0841,0.0731,0.0704,0.0,0.0,0.0,NO
0.2623,0.2505,0.0509,0.0426,0.0101,0.0039,0.0008,0.0,0.0,0.0,NO
0.8269,0.6145,0.1667,0.0664,0.0297,0.0178,0.01,0.0,0.0,0.0,YES
0.3389,0.1555,0.1534,0.1341,0.132,0.098,0.0979,0.0675,0.0132,0.0,NO
1.0,0.6145,0.587,0.0642,0.0351,0.0234,0.016,0.0,0.0,0.0,YES
0.2045,0.1676,0.132,0.1058,0.1033,0.0978,0.0945,0.0693,0.0598,0.0478,NO
1.0,0.6735,0.6145,0.0958,0.0957,0.029,0.0178,0.007,0.0008,0.0,YES
0.1676,0.1539,0.132,0.102,0.0845,0.083,0.0,0.0,0.0,0.0,NO
0.2273,0.1769,0.124,0.1142,0.0564,0.0304,0.023,0.0,0.0,0.0,NO
0.2273,0.159,0.1566,0.1354,0.1293,0.0719,0.0702,0.0572,0.0304,0.0189,NO
0.2024,0.1645,0.147,0.1246,0.0304,0.0,0.0,0.0,0.0,0.0,NO
0.2457,0.2273,0.1107,0.0869,0.0732,0.0507,0.0422,0.0161,0.0101,0.0089,NO
0.3389,0.2189,0.2056,0.1469,0.1189,0.1161,0.0241,0.0,0.0,0.0,NO
0.2457,0.2273,0.2142,0.1506,0.1369,0.1133,0.106,0.1009,0.0426,0.0211,NO
0.3389,0.275,0.2023,0.1342,0.0989,0.0881,0.0799,0.049,0.0181,0.0075,NO
0.3011,0.3009,0.2981,0.2849,0.2833,0.0865,0.083,0.0398,0.0,0.0,NO
0.146,0.1352,0.1294,0.116,0.0613,0.0471,0.038,0.0219,0.0081,0.0057,NO
0.9043,0.8987,0.7838,0.5342,0.5033,0.4245,0.3649,0.0844,0.0375,0.025,YES
0.6407,0.4729,0.2747,0.2582,0.2357,0.2204,0.2077,0.2013,0.0177,0.0,YES
0.5589,0.4729,0.2236,0.2082,0.1925,0.1397,0.0953,0.0127,0.0,0.0,YES
1.0,0.9043,0.8987,0.8452,0.8056,0.7471,0.6382,0.2375,0.125,0.0409,YES
0.4093,0.3069,0.1602,0.1317,0.0534,0.0287,0.0241,0.0,0.0,0.0,NO
0.1327,0.1287,0.1228,0.1123,0.0865,0.0865,0.0762,0.0332,0.02,0.0084,NO
1.0,1.0,0.9273,0.8452,0.7339,0.7045,0.4847,0.2206,0.0108,0.0099,YES
0.3027,0.3004,0.2104,0.1531,0.1284,0.0957,0.0768,0.0285,0.0,0.0,NO
1.0,1.0,1.0,0.9043,0.8987,0.5122,0.4491,0.1953,0.0867,0.0656,YES
0.3004,0.1578,0.129,0.0726,0.0105,0.0103,0.0,0.0,0.0,0.0,NO
0.4829,0.42,0.2942,0.0563,0.0,0.0,0.0,0.0,0.0,0.0,NO
0.474,0.3727,0.3486,0.3113,0.3058,0.0679,0.0272,0.0,0.0,0.0,NO
0.2606,0.1521,0.1386,0.0198,0.0159,0.0085,0.0077,0.0065,0.006,0.0,NO
0.1056,0.0986,0.0865,0.0818,0.028,0.0214,0.0178,0.0,0.0,0.0,NO
1.0,0.4049,0.3442,0.3392,0.2339,0.2077,0.2013,0.1332,0.13,0.0197,YES
0.1159,0.0969,0.0865,0.0789,0.0754,0.0252,0.0161,0.0,0.0,0.0,NO
0.6036,0.4729,0.388,0.3849,0.2077,0.124,0.0594,0.0089,0.0,0.0,YES
0.0951,0.0865,0.0865,0.011,0.0077,0.0,0.0,0.0,0.0,0.0,NO
0.4542,0.3238,0.2879,0.2077,0.1054,0.0824,0.0,0.0,0.0,0.0,YES
0.3369,0.3004,0.2256,0.0072,0.0,0.0,0.0,0.0,0.0,0.0,NO
0.462,0.3547,0.3004,0.2922,0.2918,0.2553,0.2341,0.1345,0.1321,0.1076,NO
0.4856,0.469,0.4531,0.3004,0.2114,0.0615,0.0,0.0,0.0,0.0,NO
0.2175,0.2153,0.2114,0.2028,0.0875,0.0319,0.0159,0.0094,0.0071,0.0,NO
1.0,0.8452,0.7476,0.5922,0.5722,0.5014,0.4873,0.184,0.1182,0.038,YES
0.578,0.4918,0.4701,0.4444,0.1707,0.1002,0.0333,0.0149,0.0,0.0,NO
1.0,1.0,1.0,0.9043,0.8987,0.8452,0.4496,0.2009,0.0738,0.0285,YES
0.3527,0.3009,0.195,0.1923,0.177,0.135,0.063,0.0542,0.0,0.0,NO
0.2411,0.1531,0.146,0.0776,0.0741,0.0442,0.0408,0.0364,0.0291,0.0252,NO
0.7838,0.5648,0.5159,0.5022,0.3649,0.3214,0.2531,0.1059,0.051,0.0,YES
0.4091,0.4064,0.3132,0.2824,0.2789,0.2747,0.2133,0.1613,0.1045,0.0621,YES
0.3568,0.3132,0.282,0.2278,0.2236,0.13,0.1296,0.0,0.0,0.0,YES
1.0,1.0,0.7471,0.5648,0.5159,0.4075,0.3817,0.3534,0.1573,0.1569,YES
0.4093,0.2411,0.1454,0.1239,0.1077,0.0872,0.0,0.0,0.0,0.0,NO
0.1329,0.1287,0.0847,0.0767,0.0762,0.0662,0.0462,0.0416,0.0165,0.0132,NO
1.0,1.0,0.9273,0.6385,0.4584,0.4045,0.2652,0.2297,0.1461,0.0916,YES
0.4565,0.3769,0.2613,0.2104,0.1933,0.1551,0.1531,0.0802,0.0739,0.0388,NO
1.0,1.0,0.606,0.5648,0.5159,0.4739,0.2868,0.277,0.1294,0.1088,YES
0.3769,0.1702,0.1578,0.126,0.0741,0.0561,0.0266,0.0,0.0,0.0,NO
0.3247,0.3016,0.2942,0.1217,0.0707,0.0473,0.0,0.0,0.0,0.0,NO
0.474,0.3727,0.2406,0.2178,0.1449,0.1372,0.0823,0.0,0.0,0.0,NO
0.2014,0.18,0.0796,0.0217,0.0198,0.0097,0.0056,0.0,0.0,0.0,NO
0.1994,0.1237,0.0673,0.0606,0.0542,0.0381,0.0359,0.0,0.0,0.0,NO
0.6385,0.4064,0.4049,0.4013,0.3442,0.2824,0.2223,0.1631,0.1549,0.103,YES
0.2411,0.1371,0.0744,0.0605,0.0523,0.0343,0.0326,0.0,0.0,0.0,NO
0.4591,0.3854,0.3132,0.2824,0.2504,0.2145,0.1824,0.1014,0.0459,0.0236,YES
0.2411,0.0735,0.0615,0.015,0.0096,0.0,0.0,0.0,0.0,0.0,NO
0.3831,0.29,0.2824,0.2128,0.1918,0.1907,0.0637,0.0,0.0,0.0,YES
0.4825,0.3769,0.2815,0.2256,0.2151,0.0427,0.0,0.0,0.0,0.0,NO
0.4825,0.3769,0.3611,0.3547,0.3458,0.295,0.2918,0.2173,0.1344,0.121,NO
0.4595,0.3769,0.312,0.31,0.2929,0.2147,0.1401,0.1242,0.0,0.0,NO
0.558,0.4825,0.24,0.2153,0.132,0.1249,0.1097,0.0645,0.0267,0.0216,NO
1.0,0.6385,0.5922,0.5722,0.3542,0.3131,0.2797,0.1219,0.0913,0.0528,YES
0.578,0.558,0.5562,0.4918,0.4825,0.2838,0.2142,0.0775,0.0517,0.0452,NO
1.0,1.0,0.6385,0.5648,0.5159,0.4739,0.4496,0.1814,0.1553,0.104,YES
0.3527,0.3133,0.3011,0.2849,0.2191,0.1392,0.0639,0.0,0.0,0.0,NO
0.1531,0.1504,0.146,0.116,0.0613,0.0404,0.0123,0.0108,0.0044,0.0,NO
1.0,1.0,0.5706,0.5342,0.5033,0.5022,0.3649,0.1213,0.0761,0.0397,YES
0.6407,0.2856,0.2789,0.2204,0.2,0.1474,0.0,0.0,0.0,0.0,YES
0.5589,0.2302,0.2278,0.2236,0.1979,0.0,0.0,0.0,0.0,0.0,YES
1.0,1.0,1.0,0.8056,0.7471,0.728,0.6382,0.1797,0.0599,0.0,YES
0.4093,0.3069,0.0926,0.042,0.0389,0.0,0.0,0.0,0.0,0.0,NO
0.1392,0.1358,0.1329,0.1327,0.1287,0.0555,0.0477,0.0,0.0,0.0,NO
1.0,1.0,0.9273,0.8116,0.784,0.728,0.4847,0.0159,0.0,0.0,YES
0.4318,0.3027,0.2104,0.142,0.1115,0.0582,0.025,0.0,0.0,0.0,NO
1.0,1.0,1.0,1.0,0.728,0.606,0.4491,0.1246,0.0241,0.0172,YES
0.4318,0.1578,0.1436,0.0443,0.019,0.0165,0.0,0.0,0.0,0.0,NO
0.534,0.2142,0.2127,0.11,0.081,0.0501,0.0,0.0,0.0,0.0,NO
0.474,0.3856,0.3058,0.2713,0.2127,0.0831,0.0815,0.0,0.0,0.0,NO
0.18,0.1542,0.1323,0.0682,0.0144,0.0111,0.0097,0.0,0.0,0.0,NO
0.1417,0.1392,0.1176,0.0351,0.0,0.0,0.0,0.0,0.0,0.0,NO
1.0,0.4049,0.4013,0.2506,0.1868,0.1157,0.0821,0.0349,0.0,0.0,YES
0.1392,0.1371,0.1071,0.0339,0.0276,0.0,0.0,0.0,0.0,0.0,NO
0.6036,0.4591,0.3849,0.1979,0.0545,0.0155,0.0,0.0,0.0,0.0,YES
0.1392,0.0506,0.0249,0.0211,0.011,0.0,0.0,0.0,0.0,0.0,NO
0.4542,0.3831,0.1979,0.0539,0.0216,0.0,0.0,0.0,0.0,0.0,YES
0.4318,0.3369,0.2256,0.0271,0.0,0.0,0.0,0.0,0.0,0.0,NO
0.462,0.4318,0.3547,0.3458,0.2604,0.2553,0.2124,0.0849,0.0352,0.0293,NO
0.5187,0.4856,0.4531,0.4318,0.0,0.0,0.0,0.0,0.0,0.0,NO
0.242,0.24,0.2338,0.1568,0.1257,0.0459,0.019,0.0115,0.0,0.0,NO
1.0,1.0,0.7476,0.5722,0.5544,0.5422,0.4311,0.0776,0.0309,0.0,YES
0.5562,0.4918,0.4444,0.4208,0.2454,0.0723,0.0503,0.0262,0.024,0.0,NO
1.0,1.0,1.0,1.0,1.0,1.0,0.3273,0.1061,0.0526,0.0,YES
0.3133,0.3011,0.3009,0.2849,0.2582,0.0373,0.0365,0.0342,0.0,0.0,NO
0.1504,0.146,0.116,0.1121,0.0838,0.0613,0.0069,0.0026,0.0011,0.0,NO
1.0,1.0,0.7838,0.5342,0.5033,0.3677,0.3649,0.1579,0.0788,0.0322,YES
0.6407,0.2856,0.2747,0.2204,0.2042,0.1784,0.0079,0.0,0.0,0.0,YES
0.5589,0.2302,0.2236,0.1668,0.0819,0.0057,0.0,0.0,0.0,0.0,YES
1.0,1.0,1.0,0.8056,0.7471,0.7322,0.6382,0.1168,0.0351,0.0,YES
0.4093,0.3069,0.1922,0.0129,0.0102,0.0,0.0,0.0,0.0,0.0,NO
0.1358,0.1327,0.1287,0.0973,0.0762,0.0389,0.0365,0.031,0.0072,0.0,NO
1.0,1.0,0.9273,0.8116,0.784,0.7322,0.4847,0.0049,0.0042,0.0,YES
0.3027,0.2806,0.2104,0.1531,0.142,0.1207,0.0245,0.0,0.0,0.0,NO
1.0,1.0,1.0,1.0,1.0,0.4491,0.4437,0.081,0.0219,0.005,YES
0.2806,0.1578,0.1436,0.0919,0.0047,0.0043,0.0,0.0,0.0,0.0,NO
0.534,0.4412,0.2942,0.0526,0.0,0.0,0.0,0.0,0.0,0.0,NO
0.474,0.4412,0.3856,0.3727,0.3058,0.0122,0.0,0.0,0.0,0.0,NO
0.2744,0.1542,0.1318,0.0198,0.0137,0.0072,0.0029,0.0025,0.0,0.0,NO
0.1176,0.0921,0.0728,0.0365,0.0241,0.0096,0.0,0.0,0.0,0.0,NO
1.0,0.4049,0.3442,0.2939,0.1784,0.1703,0.1214,0.0089,0.0,0.0,YES
0.1071,0.1004,0.0703,0.0365,0.0339,0.0217,0.0,0.0,0.0,0.0,NO
0.6036,0.3849,0.3362,0.1784,0.1131,0.004,0.0,0.0,0.0,0.0,YES
0.1049,0.0389,0.0365,0.0095,0.0072,0.0,0.0,0.0,0.0,0.0,NO
0.4542,0.2805,0.1784,0.1118,0.0,0.0,0.0,0.0,0.0,0.0,YES
0.3369,0.2806,0.2256,0.0033,0.0,0.0,0.0,0.0,0.0,0.0,NO
0.462,0.3547,0.2918,0.2806,0.2604,0.2553,0.2532,0.0255,0.0077,0.0,NO
0.5187,0.4856,0.4531,0.2806,0.0,0.0,0.0,0.0,0.0,0.0,NO
0.242,0.2338,0.2153,0.1757,0.0952,0.0817,0.0136,0.0042,0.003,0.0,NO
1.0,0.7476,0.7322,0.5922,0.5722,0.5544,0.5422,0.1609,0.0326,0.0,YES
0.578,0.4918,0.4444,0.4073,0.1594,0.1499,0.0286,0.0063,0.0,0.0,NO
1.0,1.0,1.0,1.0,1.0,0.7322,0.4496,0.069,0.0245,0.0057,YES
0.3229,0.145,0.1334,0.0922,0.0521,0.0489,0.0,0.0,0.0,0.0,NO
0.1995,0.1089,0.0679,0.0547,0.0514,0.0401,0.0327,0.0187,0.01,0.0,NO
0.223,0.1562,0.1279,0.1166,0.0867,0.0438,0.0,0.0,0.0,0.0,YES
1.0,0.7449,0.4807,0.406,0.2838,0.0514,0.0446,0.0309,0.0,0.0,YES
1.0,0.694,0.406,0.2476,0.2206,0.036,0.0223,0.0,0.0,0.0,YES
0.3029,0.2827,0.2039,0.1727,0.1562,0.0946,0.0,0.0,0.0,0.0,YES
0.2651,0.1995,0.1557,0.1362,0.113,0.0502,0.0,0.0,0.0,0.0,NO
0.1512,0.0588,0.0458,0.0212,0.0194,0.0171,0.0137,0.0,0.0,0.0,NO
0.443,0.1894,0.1268,0.0257,0.0189,0.0,0.0,0.0,0.0,0.0,YES
0.415,0.3816,0.1341,0.0978,0.0813,0.066,0.0222,0.0,0.0,0.0,NO
0.199,0.1869,0.1677,0.1562,0.1216,0.1198,0.0589,0.0558,0.0193,0.0,YES
0.415,0.0744,0.0617,0.022,0.0184,0.0,0.0,0.0,0.0,0.0,NO
0.3575,0.3569,0.2531,0.0834,0.0778,0.0391,0.0,0.0,0.0,0.0,NO
0.42,0.3575,0.3376,0.2645,0.0681,0.0602,0.0475,0.0,0.0,0.0,NO
0.2224,0.2214,0.0369,0.0114,0.0107,0.0073,0.0,0.0,0.0,0.0,NO
0.1649,0.1362,0.0882,0.0702,0.0648,0.0589,0.0374,0.0,0.0,0.0,NO
1.0,0.5849,0.4807,0.443,0.2008,0.1795,0.138,0.1132,0.0344,0.0,YES
0.1995,0.1393,0.1318,0.0802,0.0678,0.0584,0.057,0.0167,0.0,0.0,NO
1.0,0.6162,0.4807,0.406,0.2674,0.0917,0.0504,0.0195,0.0156,0.0,YES
0.1995,0.1512,0.1064,0.085,0.0808,0.0255,0.0106,0.0,0.0,0.0,NO
1.0,0.5238,0.4807,0.2472,0.2012,0.0906,0.07,0.0,0.0,0.0,YES
0.415,0.1492,0.1371,0.0353,0.0127,0.0,0.0,0.0,0.0,0.0,NO
0.5347,0.4291,0.415,0.2047,0.1143,0.1134,0.0688,0.0,0.0,0.0,NO
0.415,0.3056,0.2151,0.1815,0.081,0.0,0.0,0.0,0.0,0.0,NO
0.1587,0.1208,0.0962,0.0771,0.0367,0.0365,0.0221,0.0164,0.0,0.0,NO
0.443,0.158,0.1304,0.1004,0.0879,0.0866,0.0437,0.0,0.0,0.0,YES
0.254,0.2358,0.1969,0.1215,0.0852,0.077,0.0427,0.0,0.0,0.0,NO
0.443,0.1708,0.1562,0.102,0.0659,0.0268,0.0222,0.0,0.0,0.0,YES
0.2086,0.1839,0.1527,0.1356,0.1352,0.1248,0.1245,0.0231,0.0,0.0,NO
0.0883,0.0743,0.0729,0.0709,0.0663,0.0645,0.0353,0.0261,0.0253,0.0113,NO
0.4937,0.4316,0.3075,0.2175,0.1172,0.1119,0.0409,0.0,0.0,0.0,YES
0.8013,0.6695,0.6493,0.4811,0.3914,0.1364,0.1232,0.1208,0.0289,0.0227,YES
0.8013,0.6459,0.4647,0.3414,0.298,0.0994,0.0986,0.0356,0.0208,0.0,YES
0.4937,0.433,0.4316,0.4024,0.3899,0.226,0.1956,0.1658,0.1278,0.0459,YES
0.2231,0.1775,0.0883,0.047,0.0441,0.0219,0.0,0.0,0.0,0.0,NO
0.1414,0.081,0.0586,0.0575,0.044,0.0424,0.0338,0.0263,0.0176,0.0162,NO
0.6109,0.433,0.3871,0.3738,0.3503,0.1696,0.0322,0.0275,0.0177,0.0114,YES
0.3984,0.2555,0.1849,0.1671,0.1605,0.108,0.0892,0.0613,0.013,0.0,NO
0.4937,0.4316,0.331,0.2743,0.2624,0.1772,0.1251,0.115,0.0795,0.0785,YES
0.3984,0.1556,0.0806,0.0709,0.0598,0.0172,0.0099,0.0097,0.0,0.0,NO
0.2305,0.1635,0.0747,0.0573,0.0428,0.0173,0.0,0.0,0.0,0.0,NO
0.2713,0.226,0.1664,0.0572,0.0445,0.0425,0.0301,0.0,0.0,0.0,NO
0.0779,0.0761,0.0498,0.0355,0.0144,0.0107,0.0103,0.0,0.0,0.0,NO
0.1385,0.1307,0.0876,0.073,0.0591,0.058,0.0431,0.035,0.0,0.0,NO
0.6695,0.6493,0.6109,0.3964,0.3778,0.1738,0.1724,0.1422,0.0483,0.0322,YES
0.1337,0.1232,0.09,0.0883,0.0789,0.0594,0.0537,0.0462,0.0262,0.0,NO
0.8013,0.6493,0.6459,0.4126,0.3687,0.1988,0.1372,0.0357,0.0145,0.0086,YES
0.1414,0.0883,0.0688,0.0345,0.0216,0.013,0.0102,0.0,0.0,0.0,NO
0.6493,0.6459,0.4879,0.3507,0.2775,0.1659,0.1227,0.0376,0.0112,0.0,YES
0.3984,0.2058,0.18,0.1696,0.1556,0.0886,0.0156,0.0118,0.0,0.0,NO
0.3984,0.358,0.2822,0.2772,0.231,0.2238,0.1696,0.1556,0.1497,0.1286,NO
0.3984,0.3583,0.2966,0.2939,0.2239,0.2046,0.1556,0.1097,0.0,0.0,NO
0.3569,0.1696,0.1556,0.1195,0.116,0.1062,0.1039,0.1009,0.0622,0.0496,NO
0.6109,0.433,0.3118,0.2677,0.2393,0.1188,0.0366,0.0193,0.0161,0.0,YES
0.3569,0.2715,0.2408,0.2264,0.1696,0.1641,0.104,0.0419,0.0189,0.0137,NO
0.6109,0.4937,0.433,0.4316,0.116,0.0979,0.089,0.0366,0.0274,0.0208,YES
0.1882,0.1047,0.0799,0.0787,0.0488,0.0356,0.0321,0.0,0.0,0.0,NO
0.19,0.1869,0.0863,0.0406,0.0316,0.0308,0.0171,0.0133,0.013,0.0072,NO
0.3578,0.3341,0.1336,0.1016,0.0837,0.0568,0.0335,0.0,0.0,0.0,NO
0.2904,0.1859,0.1816,0.17,0.0954,0.0481,0.0401,0.0293,0.0,0.0,NO
0.2437,0.2015,0.1483,0.0853,0.0769,0.0622,0.054,0.0289,0.0,0.0,NO
0.3341,0.208,0.1694,0.1067,0.0738,0.0597,0.0366,0.0,0.0,0.0,NO
0.4356,0.2934,0.1869,0.114,0.077,0.0669,0.0652,0.0,0.0,0.0,NO
0.1963,0.0454,0.0358,0.0352,0.0268,0.0128,0.0081,0.0075,0.0,0.0,NO
0.2711,0.2654,0.2582,0.1067,0.0418,0.0246,0.024,0.0,0.0,0.0,NO
0.2736,0.1752,0.164,0.1108,0.0803,0.0586,0.0474,0.0255,0.0163,0.0,NO
0.3341,0.2784,0.1201,0.1192,0.1067,0.0543,0.0296,0.025,0.0245,0.0228,NO
0.2363,0.2082,0.133,0.0439,0.0239,0.0206,0.0,0.0,0.0,0.0,NO
1.0,0.7691,0.1784,0.0617,0.0366,0.0314,0.0,0.0,0.0,0.0,YES
1.0,0.57,0.132,0.1288,0.1024,0.098,0.0868,0.0638,0.0617,0.0398,YES
0.622,0.4772,0.0148,0.0142,0.0021,0.0,0.0,0.0,0.0,0.0,YES
0.1649,0.1545,0.0486,0.0256,0.0251,0.0,0.0,0.0,0.0,0.0,NO
0.386,0.2904,0.2654,0.2439,0.1859,0.1426,0.1127,0.0734,0.0447,0.0367,NO
0.1869,0.1711,0.1593,0.0358,0.034,0.0233,0.0226,0.0,0.0,0.0,NO
0.2564,0.2437,0.1859,0.179,0.1602,0.1087,0.0202,0.0183,0.0,0.0,NO
0.2378,0.1963,0.1869,0.1742,0.0259,0.0099,0.0,0.0,0.0,0.0,NO
0.2533,0.2437,0.1859,0.1521,0.1509,0.1205,0.0571,0.0,0.0,0.0,NO
0.2363,0.0894,0.0628,0.0334,0.0331,0.0164,0.0,0.0,0.0,0.0,NO
0.2463,0.2363,0.1553,0.1226,0.1046,0.0987,0.0311,0.0266,0.0,0.0,NO
0.2363,0.1733,0.1289,0.0887,0.0,0.0,0.0,0.0,0.0,0.0,NO
0.2363,0.2158,0.0781,0.0461,0.0235,0.023,0.0213,0.0207,0.0142,0.0,NO
0.3647,0.2654,0.2164,0.1852,0.1593,0.0632,0.0556,0.0409,0.034,0.0,NO
0.3398,0.1836,0.1369,0.1179,0.0637,0.0619,0.0617,0.04,0.0298,0.0,NO
0.368,0.3341,0.2784,0.2654,0.048,0.0288,0.0255,0.0251,0.0,0.0,NO
1.0,0.2838,0.1792,0.0599,0.0569,0.0565,0.0421,0.0382,0.0,0.0,YES
0.6856,0.0463,0.0313,0.0291,0.0231,0.0196,0.0189,0.0166,0.0152,0.0152,YES
0.2856,0.1483,0.1001,0.0872,0.0856,0.0544,0.0381,0.0286,0.0,0.0,NO
0.1766,0.14,0.1304,0.1274,0.0635,0.0605,0.052,0.0461,0.0302,0.0,NO
0.175,0.1112,0.0972,0.0635,0.0596,0.0436,0.0247,0.0233,0.0,0.0,NO
0.1893,0.1269,0.1084,0.078,0.0764,0.0658,0.053,0.0423,0.0397,0.0319,NO
0.6856,0.2791,0.1062,0.0989,0.0983,0.0738,0.0427,0.0371,0.0177,0.0,YES
1.0,0.296,0.0469,0.0296,0.0264,0.0144,0.0144,0.0143,0.0141,0.0134,YES
0.1989,0.1893,0.1144,0.1084,0.0968,0.0882,0.0573,0.0461,0.037,0.0296,NO
0.181,0.1389,0.1017,0.0667,0.0602,0.059,0.0565,0.0534,0.029,0.022,NO
0.1893,0.1043,0.0893,0.0657,0.0599,0.0405,0.0378,0.0294,0.0271,0.0262,NO
0.2608,0.1189,0.1017,0.0756,0.0518,0.0508,0.0448,0.036,0.0272,0.0165,NO
0.2592,0.2437,0.1344,0.0557,0.0443,0.037,0.0191,0.0,0.0,0.0,NO
0.2437,0.234,0.1921,0.0958,0.0931,0.0735,0.0705,0.0495,0.0473,0.0,NO
0.1608,0.1516,0.0693,0.0224,0.0195,0.0037,0.0026,0.0011,0.0,0.0,NO
1.0,0.5669,0.0733,0.0402,0.0334,0.0145,0.0124,0.011,0.0,0.0,YES
0.1989,0.14,0.1024,0.0941,0.0822,0.081,0.0674,0.0651,0.048,0.044,NO
1.0,0.6856,0.258,0.0388,0.0244,0.0226,0.0149,0.0112,0.0106,0.0,YES
0.175,0.12,0.0863,0.067,0.0635,0.0625,0.0497,0.0464,0.0366,0.0309,NO
1.0,0.6856,0.296,0.0587,0.058,0.0187,0.0186,0.0026,0.0,0.0,YES
0.175,0.0903,0.0733,0.063,0.0617,0.0509,0.0415,0.0414,0.0387,0.0,NO
0.2608,0.1468,0.1213,0.1017,0.067,0.0608,0.0248,0.024,0.0235,0.0,NO
0.2608,0.2104,0.1468,0.1017,0.0919,0.083,0.078,0.0751,0.0749,0.0552,NO
0.2608,0.1017,0.0993,0.0966,0.0949,0.0428,0.0284,0.0,0.0,0.0,NO
0.2608,0.1468,0.1206,0.0824,0.0759,0.0526,0.0408,0.0322,0.0296,0.026,NO
0.1989,0.1501,0.1121,0.1084,0.0889,0.0729,0.0613,0.0597,0.0247,0.0,NO
0.1724,0.1469,0.1468,0.1206,0.1094,0.0884,0.0828,0.0703,0.0619,0.0603,NO
0.1989,0.124,0.1084,0.1043,0.092,0.0851,0.0435,0.0392,0.0316,0.025,NO
0.3011,0.2323,0.1918,0.1526,0.1331,0.1163,0.1006,0.0386,0.0,0.0,NO
0.1476,0.116,0.1089,0.0747,0.0578,0.0527,0.0393,0.0389,0.0131,0.0048,NO
0.5033,0.3713,0.262,0.1896,0.1804,0.1407,0.0436,0.0421,0.0,0.0,YES
1.0,1.0,0.6547,0.6407,0.5359,0.106,0.1053,0.0918,0.038,0.0,YES
0.7194,0.694,0.6547,0.5589,0.4589,0.086,0.0855,0.0414,0.0,0.0,YES
0.6382,0.3775,0.3713,0.3343,0.3288,0.2179,0.1969,0.0624,0.0457,0.0315,YES
0.2651,0.1823,0.1713,0.1476,0.0512,0.0426,0.0,0.0,0.0,0.0,NO
0.1526,0.1327,0.0504,0.0502,0.0404,0.0276,0.0255,0.0205,0.0166,0.0112,NO
1.0,0.3775,0.3343,0.3054,0.3013,0.032,0.0221,0.019,0.0175,0.0,YES
0.3816,0.3027,0.15,0.1373,0.1255,0.1103,0.1076,0.0527,0.0512,0.0,NO
0.4491,0.3713,0.3343,0.2705,0.2288,0.1869,0.1224,0.0874,0.0433,0.0188,YES
0.1809,0.15,0.0819,0.0411,0.0181,0.0163,0.0,0.0,0.0,0.0,NO
0.3934,0.1983,0.1821,0.0983,0.0294,0.0289,0.0281,0.0,0.0,0.0,NO
0.3934,0.3376,0.3022,0.1432,0.1246,0.0664,0.0504,0.0,0.0,0.0,NO
0.2447,0.0767,0.068,0.0118,0.0106,0.0066,0.0039,0.0,0.0,0.0,NO
0.1526,0.1349,0.1221,0.1132,0.0882,0.0649,0.0492,0.0,0.0,0.0,NO
1.0,1.0,1.0,0.4208,0.3239,0.1518,0.1515,0.1151,0.0649,0.0561,YES
0.1526,0.1476,0.1216,0.1093,0.1002,0.0802,0.0627,0.0518,0.0398,0.018,NO
1.0,0.7194,0.6547,0.6162,0.6036,0.1733,0.1009,0.0245,0.0144,0.0,YES
0.1526,0.1476,0.0935,0.0766,0.0531,0.0149,0.0038,0.0,0.0,0.0,NO
1.0,0.7194,0.5238,0.4542,0.3986,0.1446,0.0996,0.0437,0.0,0.0,YES
0.3369,0.1809,0.15,0.1166,0.0986,0.0261,0.0,0.0,0.0,0.0,NO
0.5347,0.462,0.3087,0.1829,0.1809,0.15,0.1431,0.1305,0.1166,0.0975,NO
0.4856,0.3056,0.2927,0.1926,0.1809,0.15,0.0754,0.0,0.0,0.0,NO
0.1809,0.1587,0.1166,0.0906,0.0868,0.0849,0.0764,0.072,0.0692,0.0437,NO
1.0,0.3775,0.2548,0.2059,0.198,0.1829,0.1434,0.0425,0.0323,0.0,YES
0.4444,0.21,0.1932,0.1827,0.1602,0.1337,0.1166,0.0852,0.0487,0.0316,NO
1.0,0.3775,0.3713,0.1503,0.1371,0.0369,0.0251,0.0198,0.0,0.0,YES
1.0,0.7453,0.0828,0.0735,0.0703,0.0579,0.028,0.0,0.0,0.0,YES
0.2814,0.0558,0.0515,0.0319,0.0313,0.0251,0.0227,0.0194,0.0168,0.0147,YES
0.2856,0.2249,0.1384,0.1288,0.1051,0.0825,0.0567,0.0264,0.0,0.0,NO
0.1762,0.1589,0.1462,0.0769,0.0725,0.0565,0.0458,0.0,0.0,0.0,NO
0.1537,0.1145,0.0671,0.0565,0.0531,0.0374,0.0347,0.0,0.0,0.0,NO
0.1755,0.1642,0.1288,0.1274,0.1161,0.0586,0.0493,0.0288,0.0284,0.0,NO
0.2814,0.2791,0.2582,0.128,0.0657,0.0636,0.0157,0.0,0.0,0.0,YES
1.0,0.7773,0.0365,0.0263,0.0239,0.0218,0.02,0.0193,0.0175,0.0059,YES
0.275,0.1642,0.1441,0.1144,0.101,0.0972,0.0956,0.0411,0.0362,0.0346,NO
0.1725,0.1611,0.0942,0.0832,0.0804,0.0327,0.0201,0.0,0.0,0.0,NO
0.1554,0.1288,0.1235,0.0998,0.0995,0.0991,0.0241,0.0238,0.0233,0.0179,NO
0.2321,0.1189,0.0945,0.0643,0.0612,0.0454,0.031,0.0245,0.0185,0.0,NO
0.2938,0.0552,0.046,0.0,0.0,0.0,0.0,0.0,0.0,0.0,NO
0.2938,0.2444,0.096,0.0853,0.0737,0.0,0.0,0.0,0.0,0.0,NO
0.1828,0.0693,0.0587,0.0296,0.0199,0.0112,0.001,0.0,0.0,0.0,NO
1.0,0.2327,0.1924,0.0484,0.0243,0.0197,0.0151,0.0098,0.0,0.0,YES
0.275,0.177,0.1462,0.1134,0.0801,0.0721,0.0659,0.0629,0.0279,0.0,NO
1.0,0.6774,0.2814,0.0468,0.0281,0.0225,0.0178,0.0094,0.0,0.0,YES
0.166,0.1462,0.08,0.0773,0.0754,0.0753,0.0565,0.0383,0.0275,0.0,NO
1.0,0.7773,0.2814,0.0699,0.0232,0.0078,0.0,0.0,0.0,0.0,YES
0.1462,0.1249,0.0744,0.0691,0.0629,0.0561,0.0344,0.0,0.0,0.0,NO
0.2321,0.1823,0.1014,0.0926,0.0651,0.0498,0.0351,0.0,0.0,0.0,NO
0.2321,0.2104,0.1823,0.1301,0.127,0.0568,0.0551,0.0335,0.0209,0.0158,NO
0.2321,0.1656,0.1335,0.1179,0.0253,0.0,0.0,0.0,0.0,0.0,NO
0.2321,0.2011,0.1823,0.0845,0.0824,0.0634,0.0394,0.0312,0.0311,0.0112,NO
0.275,0.1642,0.1071,0.0889,0.0698,0.0616,0.0546,0.0267,0.022,0.0,NO
0.2011,0.1823,0.1724,0.1222,0.0998,0.0913,0.0764,0.0626,0.0603,0.0234,NO
0.275,0.1642,0.1554,0.1288,0.1142,0.0654,0.0393,0.0378,0.02,0.0,NO
0.3496,0.2582,0.0773,0.0683,0.0519,0.0,0.0,0.0,0.0,0.0,NO
0.0731,0.0724,0.0675,0.0407,0.0336,0.0281,0.0263,0.0223,0.0173,0.0081,NO
0.2809,0.1352,0.127,0.1142,0.1101,0.0737,0.0702,0.0,0.0,0.0,NO
0.3822,0.2151,0.2051,0.1454,0.0612,0.0474,0.0,0.0,0.0,0.0,NO
0.2287,0.2151,0.1423,0.1268,0.05,0.043,0.0,0.0,0.0,0.0,NO
0.6333,0.4162,0.2707,0.2524,0.2193,0.1724,0.1448,0.1436,0.108,0.0,NO
0.2831,0.1547,0.1384,0.0787,0.0721,0.0599,0.0544,0.0,0.0,0.0,NO
0.2582,0.1187,0.1133,0.1104,0.0958,0.0301,0.0291,0.0247,0.0131,0.0091,NO
0.4753,0.2269,0.2193,0.1898,0.1783,0.1769,0.1724,0.1003,0.0295,0.0,NO
1.0,0.9462,0.694,0.4682,0.0971,0.0826,0.0783,0.0687,0.0405,0.0264,YES
0.4964,0.2887,0.1923,0.1724,0.1329,0.1304,0.1038,0.1019,0.0889,0.0567,NO
1.0,1.0,0.3527,0.2258,0.0739,0.0627,0.0307,0.0303,0.0,0.0,YES
0.3627,0.3551,0.2522,0.1876,0.0507,0.0,0.0,0.0,0.0,0.0,NO
0.3673,0.3551,0.2688,0.0911,0.0692,0.0643,0.0,0.0,0.0,0.0,NO
0.225,0.2209,0.0395,0.0258,0.0179,0.0039,0.0034,0.0,0.0,0.0,NO
0.3282,0.2582,0.1207,0.0586,0.0372,0.0181,0.0,0.0,0.0,0.0,NO
0.4327,0.3984,0.3104,0.2269,0.2051,0.1371,0.115,0.1064,0.088,0.0778,NO
0.2582,0.1542,0.0566,0.0359,0.0301,0.0165,0.0,0.0,0.0,0.0,NO
0.3844,0.2151,0.2102,0.137,0.1264,0.1007,0.0911,0.0513,0.0,0.0,NO
0.2582,0.1276,0.0844,0.0821,0.0256,0.0,0.0,0.0,0.0,0.0,NO
0.3438,0.2418,0.131,0.1074,0.1031,0.09,0.084,0.0712,0.0,0.0,NO
1.0,1.0,1.0,0.5044,0.0764,0.0434,0.0,0.0,0.0,0.0,YES
1.0,1.0,1.0,0.6471,0.1161,0.1097,0.1048,0.0758,0.0682,0.0601,YES
1.0,1.0,0.8236,0.6467,0.1102,0.0962,0.0627,0.0,0.0,0.0,YES
1.0,1.0,1.0,0.2911,0.0766,0.0526,0.0371,0.0325,0.0213,0.0,YES
0.2351,0.2269,0.2193,0.1295,0.11,0.1021,0.102,0.0837,0.0,0.0,NO
1.0,1.0,0.5682,0.2696,0.122,0.1207,0.1009,0.0997,0.0946,0.0866,YES
0.3251,0.2458,0.2269,0.2193,0.2156,0.1923,0.1735,0.0775,0.0,0.0,NO
1.0,0.9589,0.2613,0.0514,0.0465,0.0395,0.0344,0.0314,0.0,0.0,YES
1.0,0.0662,0.0313,0.0263,0.0149,0.0139,0.0125,0.0111,0.008,0.0,YES
0.2893,0.2856,0.1212,0.1001,0.0963,0.049,0.0372,0.0313,0.0,0.0,NO
0.2576,0.2061,0.2044,0.128,0.0425,0.0397,0.0286,0.0272,0.0,0.0,NO
0.1473,0.0946,0.0888,0.0231,0.0222,0.0192,0.0,0.0,0.0,0.0,NO
0.1546,0.1452,0.1001,0.0975,0.064,0.0406,0.0376,0.0,0.0,0.0,NO
1.0,0.3322,0.2791,0.0893,0.0553,0.0351,0.0339,0.0,0.0,0.0,YES
1.0,1.0,0.0684,0.0136,0.0133,0.013,0.0118,0.011,0.0083,0.0,YES
0.1546,0.1287,0.1251,0.1144,0.0975,0.0874,0.0813,0.0795,0.0263,0.0,NO
0.1313,0.0533,0.0488,0.0283,0.0237,0.018,0.0142,0.0,0.0,0.0,NO
0.1803,0.1546,0.1276,0.1001,0.0857,0.0591,0.0366,0.0252,0.0239,0.0181,NO
0.1216,0.1189,0.1102,0.0489,0.0405,0.0135,0.0,0.0,0.0,0.0,NO
0.2341,0.196,0.0535,0.0455,0.035,0.0,0.0,0.0,0.0,0.0,NO
0.3413,0.3144,0.1735,0.0576,0.0551,0.0432,0.0406,0.0386,0.0,0.0,NO
0.1453,0.0756,0.0693,0.0176,0.0158,0.0031,0.0,0.0,0.0,0.0,NO
1.0,0.8269,0.2476,0.0278,0.0113,0.0,0.0,0.0,0.0,0.0,YES
0.2278,0.2061,0.128,0.0742,0.0532,0.0391,0.0347,0.0,0.0,0.0,NO
1.0,1.0,0.8716,0.0251,0.0214,0.0134,0.0107,0.0103,0.0,0.0,YES
0.2061,0.1029,0.0978,0.0789,0.0694,0.0448,0.0331,0.0292,0.0,0.0,NO
1.0,1.0,1.0,0.053,0.0177,0.0109,0.0,0.0,0.0,0.0,YES
0.2061,0.067,0.0459,0.0374,0.0,0.0,0.0,0.0,0.0,0.0,NO
0.1769,0.1388,0.0838,0.0193,0.0,0.0,0.0,0.0,0.0,0.0,NO
0.2104,0.1388,0.075,0.0684,0.046,0.0451,0.0337,0.0304,0.0295,0.0,NO
0.0898,0.0817,0.0519,0.0391,0.0,0.0,0.0,0.0,0.0,0.0,NO
0.1388,0.1107,0.1087,0.0824,0.0333,0.0234,0.0234,0.0203,0.0158,0.0,NO
0.2189,0.1347,0.0975,0.0916,0.0659,0.0555,0.0491,0.0377,0.0,0.0,NO
0.2142,0.1724,0.1388,0.0894,0.0559,0.0543,0.0422,0.033,0.0,0.0,NO
0.1803,0.1469,0.1342,0.112,0.1001,0.0975,0.0857,0.0695,0.0299,0.0283,NO
0.2787,0.1179,0.1092,0.087,0.0766,0.0482,0.0364,0.0,0.0,0.0,NO
0.0704,0.0507,0.0404,0.0335,0.0291,0.0254,0.0228,0.0198,0.0192,0.0116,NO
0.2809,0.2445,0.2212,0.1937,0.1454,0.1326,0.1256,0.0841,0.0342,0.0,NO
0.1897,0.185,0.1819,0.1448,0.1194,0.0913,0.0698,0.0594,0.044,0.0,NO
0.1614,0.1599,0.1448,0.1262,0.087,0.0563,0.0428,0.0,0.0,0.0,NO
0.4162,0.3335,0.2445,0.1979,0.1937,0.1843,0.1765,0.1602,0.0731,0.0727,NO
0.1979,0.1614,0.1374,0.127,0.0965,0.0482,0.0403,0.0,0.0,0.0,NO
0.2906,0.1104,0.0792,0.0383,0.0371,0.0332,0.0259,0.0122,0.0077,0.0061,NO
0.2888,0.2006,0.1985,0.1602,0.1518,0.1485,0.1237,0.0675,0.0512,0.0364,NO
1.0,0.4852,0.2555,0.1463,0.1014,0.0874,0.082,0.0694,0.0347,0.026,YES
0.414,0.2887,0.2445,0.1937,0.1602,0.1551,0.1297,0.0726,0.0598,0.0563,NO
1.0,0.6992,0.0952,0.0772,0.0705,0.0623,0.0353,0.0278,0.0,0.0,YES
0.3705,0.3601,0.1876,0.1306,0.0681,0.0471,0.0,0.0,0.0,0.0,NO
0.3705,0.2669,0.2568,0.1266,0.0943,0.0914,0.0614,0.0597,0.0,0.0,NO
0.2305,0.2234,0.0299,0.0258,0.022,0.0145,0.0032,0.0026,0.0,0.0,NO
0.3282,0.0719,0.0611,0.0377,0.0256,0.025,0.0228,0.016,0.0,0.0,NO
0.4327,0.2888,0.2171,0.1897,0.1819,0.143,0.1245,0.1142,0.0716,0.0662,NO
0.2533,0.059,0.0416,0.0262,0.0242,0.0231,0.0146,0.0,0.0,0.0,NO
0.1897,0.1743,0.1593,0.1448,0.1201,0.1121,0.095,0.0568,0.0509,0.0299,NO
0.2906,0.0881,0.0815,0.0344,0.0256,0.0101,0.0,0.0,0.0,0.0,NO
0.1897,0.169,0.1312,0.1074,0.0953,0.0939,0.0882,0.0707,0.0,0.0,NO
1.0,0.6992,0.27,0.1576,0.0973,0.0243,0.0,0.0,0.0,0.0,YES
1.0,0.6992,0.27,0.2022,0.1334,0.1153,0.1057,0.0972,0.0504,0.0467,YES
1.0,0.6992,0.2573,0.1876,0.1746,0.1402,0.1268,0.0647,0.0556,0.0,YES
0.6992,0.3124,0.2911,0.27,0.0799,0.0572,0.0469,0.0345,0.0316,0.0289,YES
0.3095,0.2888,0.1644,0.1356,0.1351,0.105,0.1013,0.0949,0.0563,0.0347,NO
0.5682,0.3124,0.27,0.1885,0.1284,0.1259,0.0926,0.0859,0.0304,0.0,YES
0.414,0.2888,0.2458,0.2445,0.1937,0.1723,0.1016,0.072,0.0582,0.0427,NO
