,DIRECT_NA_NA_VSM,LOWERTRACED_MAX_MULTI_LSA,Associated
0,0.0737,0.6926420695504665,NO
1,0.0652,0.6926420695504665,NO
2,0.1144,0.7328244274809159,NO
3,0.2164,0.7328244274809159,NO
4,0.0671,0.7328244274809159,NO
5,0.0906,0.7328244274809159,NO
6,0.0589,0.6926420695504665,NO
7,0.0679,0.6926420695504665,NO
8,0.1689,0.7328244274809159,NO
9,0.2469,0.8348176420695504,YES
10,0.0616,0.7328244274809159,NO
11,0.33799999999999997,0.8348176420695504,YES
12,0.2427,0.6997455470737913,NO
13,0.2231,0.6997455470737913,NO
14,0.2223,0.6997455470737913,NO
15,0.1142,0.6926420695504665,NO
16,0.0706,0.7328244274809159,NO
17,0.1109,0.6926420695504665,NO
18,0.0747,0.7328244274809159,NO
19,0.2179,0.6926420695504665,NO
20,0.1147,0.7328244274809159,NO
21,0.0779,0.8348176420695504,YES
22,0.0804,0.8348176420695504,YES
23,0.1668,0.8348176420695504,YES
24,0.24,0.8348176420695504,YES
25,0.1573,0.7328244274809159,NO
26,0.0716,0.8348176420695504,YES
27,0.1205,0.7328244274809159,NO
28,0.1072,0.3918575063613232,YES
29,0.2444,0.3918575063613232,YES
30,0.3362,0.8662001696352841,NO
31,0.1579,0.9227099236641222,NO
32,0.1148,0.9227099236641222,NO
33,0.1112,0.8662001696352841,NO
34,0.3947,0.3918575063613232,YES
35,0.0957,0.3918575063613232,YES
36,0.1364,0.8662001696352841,NO
37,0.1056,0.32538167938931295,NO
38,0.0981,0.8662001696352841,NO
39,0.1058,0.32538167938931295,NO
40,0.1797,0.4470949957591179,NO
41,0.1526,0.4470949957591179,NO
42,0.1551,0.4470949957591179,NO
43,0.2811,0.3918575063613232,YES
44,0.0766,0.9227099236641222,NO
45,0.1126,0.3918575063613232,YES
46,0.0341,0.9227099236641222,NO
47,0.3399,0.3918575063613232,YES
48,0.0412,0.9227099236641222,NO
49,0.1212,0.32538167938931295,NO
50,0.0769,0.32538167938931295,NO
51,0.1235,0.32538167938931295,NO
52,0.0802,0.32538167938931295,NO
53,0.1903,0.8662001696352841,NO
54,0.1119,0.32538167938931295,NO
55,0.1008,0.8662001696352841,NO
56,0.0886,0.8615351993214588,NO
57,0.1534,0.8615351993214588,NO
58,0.1331,0.6530958439355385,NO
59,0.2865,0.6552162849872772,NO
60,0.1512,0.6552162849872772,NO
61,0.1666,0.6530958439355385,NO
62,0.1465,0.8615351993214588,NO
63,0.0509,0.8615351993214588,NO
64,0.2187,0.6530958439355385,NO
65,0.4574,0.9202714164546224,YES
66,0.1603,0.6530958439355385,NO
67,0.2015,0.9202714164546224,YES
68,0.205,0.5789864291772688,NO
69,0.2168,0.5789864291772688,NO
70,0.2136,0.5789864291772688,NO
71,0.1919,0.8615351993214588,NO
72,0.1533,0.6552162849872772,NO
73,0.1268,0.8615351993214588,NO
74,0.1947,0.6552162849872772,NO
75,0.1755,0.8615351993214588,NO
76,0.2202,0.6552162849872772,NO
77,0.4465,0.9202714164546224,YES
78,0.4252,0.9202714164546224,YES
79,0.3653,0.9202714164546224,YES
80,0.1771,0.9202714164546224,YES
81,0.1659,0.6530958439355385,NO
82,0.1927,0.9202714164546224,YES
83,0.1251,0.6530958439355385,NO
84,0.1303,0.4201653944020357,YES
85,0.1814,0.4201653944020357,YES
86,0.3356,0.9027777777777778,NO
87,0.1662,0.9118956743002544,NO
88,0.1507,0.9118956743002544,NO
89,0.1441,0.9027777777777778,NO
90,0.3435,0.4201653944020357,YES
91,0.1243,0.4201653944020357,YES
92,0.1731,0.9027777777777778,NO
93,0.0952,0.4425360474978796,NO
94,0.1364,0.9027777777777778,NO
95,0.0887,0.4425360474978796,NO
96,0.2289,0.5506785411365565,NO
97,0.2088,0.5506785411365565,NO
98,0.2075,0.5506785411365565,NO
99,0.1923,0.4201653944020357,YES
100,0.0927,0.9118956743002544,NO
101,0.0821,0.4201653944020357,YES
102,0.0311,0.9118956743002544,NO
103,0.3081,0.4201653944020357,YES
104,0.0406,0.9118956743002544,NO
105,0.1251,0.4425360474978796,NO
106,0.091,0.4425360474978796,NO
107,0.11800000000000001,0.4425360474978796,NO
108,0.1053,0.4425360474978796,NO
109,0.2201,0.9027777777777778,NO
110,0.1351,0.4425360474978796,NO
111,0.1328,0.9027777777777778,NO
112,0.0724,0.3884648006785412,NO
113,0.0244,0.3884648006785412,NO
114,0.1404,0.8443596268023749,YES
115,0.3348,0.7525445292620865,YES
116,0.2937,0.7525445292620865,YES
117,0.14300000000000002,0.8443596268023749,YES
118,0.0826,0.3884648006785412,NO
119,0.013000000000000001,0.3884648006785412,NO
120,0.2103,0.8443596268023749,YES
121,0.1395,0.9105173876166244,NO
122,0.1325,0.8443596268023749,YES
123,0.1443,0.9105173876166244,NO
124,0.2165,0.5536471586089906,NO
125,0.1934,0.5536471586089906,NO
126,0.1934,0.5536471586089906,NO
127,0.0572,0.3884648006785412,NO
128,0.2318,0.7525445292620865,YES
129,0.0556,0.3884648006785412,NO
130,0.3609,0.7525445292620865,YES
131,0.1417,0.3884648006785412,NO
132,0.255,0.7525445292620865,YES
133,0.0522,0.9105173876166244,NO
134,0.0677,0.9105173876166244,NO
135,0.1439,0.9105173876166244,NO
136,0.0494,0.9105173876166244,NO
137,0.1715,0.8443596268023749,YES
138,0.0964,0.9105173876166244,NO
139,0.1343,0.8443596268023749,YES
140,0.1544,0.6839482612383375,NO
141,0.0732,0.6839482612383375,NO
142,0.1975,0.7662213740458015,NO
143,0.2582,0.9812340966921118,NO
144,0.1977,0.9812340966921118,NO
145,0.1701,0.7662213740458015,NO
146,0.1684,0.6839482612383375,NO
147,0.1225,0.6839482612383375,NO
148,0.1458,0.7662213740458015,NO
149,0.4028,0.8051314673452078,YES
150,0.1577,0.7662213740458015,NO
151,0.2904,0.8051314673452078,YES
152,0.1987,0.6967769296013571,NO
153,0.1756,0.6967769296013571,NO
154,0.1689,0.6967769296013571,NO
155,0.054000000000000006,0.6839482612383375,NO
156,0.1469,0.9812340966921118,NO
157,0.0547,0.6839482612383375,NO
158,0.1082,0.9812340966921118,NO
159,0.2019,0.6839482612383375,NO
160,0.1293,0.9812340966921118,NO
161,0.3897,0.8051314673452078,YES
162,0.3612,0.8051314673452078,YES
163,0.2791,0.8051314673452078,YES
164,0.2894,0.8051314673452078,YES
165,0.2226,0.7662213740458015,NO
166,0.1753,0.8051314673452078,YES
167,0.0979,0.7662213740458015,NO
168,0.0985,0.5938295165394402,NO
169,0.0774,0.5938295165394402,NO
170,0.1069,0.7014418999151824,YES
171,0.3647,0.6667726887192535,YES
172,0.2531,0.6667726887192535,YES
173,0.1331,0.7014418999151824,YES
174,0.0885,0.5938295165394402,NO
175,0.0604,0.5938295165394402,NO
176,0.2068,0.7014418999151824,YES
177,0.2598,0.7997243426632741,NO
178,0.106,0.7014418999151824,YES
179,0.1459,0.7997243426632741,NO
180,0.2252,0.5561916878710772,NO
181,0.2571,0.5561916878710772,NO
182,0.2375,0.5561916878710772,NO
183,0.1453,0.5938295165394402,NO
184,0.2245,0.6667726887192535,YES
185,0.141,0.5938295165394402,NO
186,0.2623,0.6667726887192535,YES
187,0.142,0.5938295165394402,NO
188,0.2555,0.6667726887192535,YES
189,0.2049,0.7997243426632741,NO
190,0.2206,0.7997243426632741,NO
191,0.2228,0.7997243426632741,NO
192,0.1032,0.7997243426632741,NO
193,0.1461,0.7014418999151824,YES
194,0.1116,0.7997243426632741,NO
195,0.1326,0.7014418999151824,YES
196,0.1415,0.6264843087362172,NO
197,0.0745,0.6264843087362172,NO
198,0.2381,0.7994062765055131,NO
199,0.19,0.9440203562340967,NO
200,0.1547,0.9440203562340967,NO
201,0.1997,0.7994062765055131,NO
202,0.1653,0.6264843087362172,NO
203,0.1536,0.6264843087362172,NO
204,0.1999,0.7994062765055131,NO
205,0.1989,0.8131891433418149,YES
206,0.2045,0.7994062765055131,NO
207,0.2447,0.8131891433418149,YES
208,0.2519,0.6935962680237489,NO
209,0.2036,0.6935962680237489,NO
210,0.2033,0.6935962680237489,NO
211,0.0533,0.6264843087362172,NO
212,0.105,0.9440203562340967,NO
213,0.055999999999999994,0.6264843087362172,NO
214,0.1113,0.9440203562340967,NO
215,0.2256,0.6264843087362172,NO
216,0.0989,0.9440203562340967,NO
217,0.1879,0.8131891433418149,YES
218,0.1445,0.8131891433418149,YES
219,0.1901,0.8131891433418149,YES
220,0.3108,0.8131891433418149,YES
221,0.2405,0.7994062765055131,NO
222,0.1657,0.8131891433418149,YES
223,0.1331,0.7994062765055131,NO
224,0.0949,1.0,NO
225,0.1339,1.0,NO
226,0.22399999999999998,0.5668999151823579,NO
227,0.1967,0.4410517387616624,NO
228,0.1436,0.4410517387616624,NO
229,0.2079,0.5668999151823579,NO
230,0.1339,1.0,NO
231,0.0967,1.0,NO
232,0.2198,0.5668999151823579,NO
233,0.3428,0.6114291772688719,YES
234,0.2344,0.5668999151823579,NO
235,0.1736,0.6114291772688719,YES
236,0.1331,0.3891009329940628,NO
237,0.0735,0.3891009329940628,NO
238,0.0647,0.3891009329940628,NO
239,0.204,1.0,NO
240,0.1327,0.4410517387616624,NO
241,0.1655,1.0,NO
242,0.31,0.4410517387616624,NO
243,0.1309,1.0,NO
244,0.2819,0.4410517387616624,NO
245,0.4042,0.6114291772688719,YES
246,0.3296,0.6114291772688719,YES
247,0.4941,0.6114291772688719,YES
248,0.1783,0.6114291772688719,YES
249,0.193,0.5668999151823579,NO
250,0.2673,0.6114291772688719,YES
251,0.1726,0.5668999151823579,NO
252,0.1439,0.7344147582697201,NO
253,0.0769,0.7344147582697201,NO
254,0.1953,0.7555131467345207,NO
255,0.2342,0.9533502968617472,NO
256,0.2047,0.9533502968617472,NO
257,0.1823,0.7555131467345207,NO
258,0.1684,0.7344147582697201,NO
259,0.1204,0.7344147582697201,NO
260,0.1751,0.7555131467345207,NO
261,0.3579,0.8367260390161153,YES
262,0.1828,0.7555131467345207,NO
263,0.2083,0.8367260390161153,YES
264,0.2252,0.6809796437659034,NO
265,0.2041,0.6809796437659034,NO
266,0.2007,0.6809796437659034,NO
267,0.0498,0.7344147582697201,NO
268,0.1415,0.9533502968617472,NO
269,0.0515,0.7344147582697201,NO
270,0.1207,0.9533502968617472,NO
271,0.1912,0.7344147582697201,NO
272,0.14,0.9533502968617472,NO
273,0.4038,0.8367260390161153,YES
274,0.3494,0.8367260390161153,YES
275,0.2799,0.8367260390161153,YES
276,0.2675,0.8367260390161153,YES
277,0.2206,0.7555131467345207,NO
278,0.2003,0.8367260390161153,YES
279,0.1168,0.7555131467345207,NO
280,0.0727,0.7388676844783715,NO
281,0.0714,0.7388676844783715,NO
282,0.10800000000000001,0.712362171331637,NO
283,0.2886,0.712362171331637,NO
284,0.1427,0.712362171331637,NO
285,0.0855,0.712362171331637,NO
286,0.0605,0.7388676844783715,NO
287,0.0532,0.7388676844783715,NO
288,0.1421,0.712362171331637,NO
289,0.4397,0.8919635284139101,YES
290,0.0607,0.712362171331637,NO
291,0.2347,0.8919635284139101,YES
292,0.2118,0.660941475826972,NO
293,0.2048,0.660941475826972,NO
294,0.2045,0.660941475826972,NO
295,0.0849,0.7388676844783715,NO
296,0.1035,0.712362171331637,NO
297,0.0824,0.7388676844783715,NO
298,0.0975,0.712362171331637,NO
299,0.1702,0.7388676844783715,NO
300,0.1518,0.712362171331637,NO
301,0.3372,0.8919635284139101,YES
302,0.3303,0.8919635284139101,YES
303,0.314,0.8919635284139101,YES
304,0.1257,0.8919635284139101,YES
305,0.1375,0.712362171331637,NO
306,0.1128,0.8919635284139101,YES
307,0.099,0.712362171331637,NO
308,0.1069,0.5348812553011026,NO
309,0.0451,0.5348812553011026,NO
310,0.5095,0.9274809160305344,YES
311,0.1431,0.9274809160305344,YES
312,0.1227,0.9274809160305344,YES
313,0.2847,0.9274809160305344,YES
314,0.2237,0.5348812553011026,NO
315,0.1065,0.5348812553011026,NO
316,0.3266,0.9274809160305344,YES
317,0.0974,0.4269508057675997,NO
318,0.3289,0.9274809160305344,YES
319,0.1059,0.4269508057675997,NO
320,0.2131,0.595949957591179,NO
321,0.1496,0.595949957591179,NO
322,0.1474,0.595949957591179,NO
323,0.0902,0.5348812553011026,NO
324,0.0993,0.9274809160305344,YES
325,0.0875,0.5348812553011026,NO
326,0.2369,0.9274809160305344,YES
327,0.2129,0.5348812553011026,NO
328,0.1321,0.9274809160305344,YES
329,0.1271,0.4269508057675997,NO
330,0.08,0.4269508057675997,NO
331,0.3025,0.4269508057675997,NO
332,0.12,0.4269508057675997,NO
333,0.3399,0.9274809160305344,YES
334,0.2516,0.4269508057675997,NO
335,0.2081,0.9274809160305344,YES
336,0.1799,0.7752332485156913,NO
337,0.1547,0.7752332485156913,NO
338,0.3595,0.8036471586089906,YES
339,0.2156,0.6115351993214589,NO
340,0.1535,0.6115351993214589,NO
341,0.4159,0.8036471586089906,YES
342,0.1827,0.7752332485156913,NO
343,0.1097,0.7752332485156913,NO
344,0.5448,0.8036471586089906,YES
345,0.191,0.400763358778626,NO
346,0.4381,0.8036471586089906,YES
347,0.1528,0.400763358778626,NO
348,0.3264,0.6309372349448685,NO
349,0.3203,0.6309372349448685,NO
350,0.2648,0.6309372349448685,NO
351,0.171,0.7752332485156913,NO
352,0.21899999999999997,0.6115351993214589,NO
353,0.1398,0.7752332485156913,NO
354,0.3673,0.6115351993214589,NO
355,0.1451,0.7752332485156913,NO
356,0.2637,0.6115351993214589,NO
357,0.1991,0.400763358778626,NO
358,0.1784,0.400763358778626,NO
359,0.3767,0.400763358778626,NO
360,0.1917,0.400763358778626,NO
361,0.3794,0.8036471586089906,YES
362,0.3359,0.400763358778626,NO
363,0.2874,0.8036471586089906,YES
364,0.0798,0.6691051738761662,NO
365,0.0364,0.6691051738761662,NO
366,0.2475,0.8892069550466497,YES
367,0.2794,0.8410729431721797,YES
368,0.2232,0.8410729431721797,YES
369,0.2213,0.8892069550466497,YES
370,0.1233,0.6691051738761662,NO
371,0.0474,0.6691051738761662,NO
372,0.2799,0.8892069550466497,YES
373,0.2328,0.7809584393553859,NO
374,0.2608,0.8892069550466497,YES
375,0.1095,0.7809584393553859,NO
376,0.2365,0.6268023748939779,NO
377,0.2061,0.6268023748939779,NO
378,0.2048,0.6268023748939779,NO
379,0.0456,0.6691051738761662,NO
380,0.1795,0.8410729431721797,YES
381,0.0442,0.6691051738761662,NO
382,0.27,0.8410729431721797,YES
383,0.1224,0.6691051738761662,NO
384,0.1913,0.8410729431721797,YES
385,0.2397,0.7809584393553859,NO
386,0.2111,0.7809584393553859,NO
387,0.2935,0.7809584393553859,NO
388,0.1155,0.7809584393553859,NO
389,0.243,0.8892069550466497,YES
390,0.1959,0.7809584393553859,NO
391,0.198,0.8892069550466497,YES
392,0.1636,0.7579516539440204,NO
393,0.1646,0.7579516539440204,NO
394,0.3881,0.681509754028838,YES
395,0.1762,0.4609838846480068,NO
396,0.1649,0.4609838846480068,NO
397,0.4197,0.681509754028838,YES
398,0.1681,0.7579516539440204,NO
399,0.153,0.7579516539440204,NO
400,0.4738,0.681509754028838,YES
401,0.159,0.27639949109414763,NO
402,0.493,0.681509754028838,YES
403,0.1456,0.27639949109414763,NO
404,0.2244,0.44062765055131453,NO
405,0.1542,0.44062765055131453,NO
406,0.1277,0.44062765055131453,NO
407,0.1775,0.7579516539440204,NO
408,0.2106,0.4609838846480068,NO
409,0.1654,0.7579516539440204,NO
410,0.3557,0.4609838846480068,NO
411,0.0902,0.7579516539440204,NO
412,0.2663,0.4609838846480068,NO
413,0.2218,0.27639949109414763,NO
414,0.1764,0.27639949109414763,NO
415,0.3901,0.27639949109414763,NO
416,0.21600000000000003,0.27639949109414763,NO
417,0.402,0.681509754028838,YES
418,0.3584,0.27639949109414763,NO
419,0.3239,0.681509754028838,YES
420,0.0467,0.3115988125530111,NO
421,0.0184,0.3115988125530111,NO
422,0.0544,0.5396522476675147,YES
423,0.1967,0.5006361323155216,YES
424,0.1251,0.5006361323155216,YES
425,0.0526,0.5396522476675147,YES
426,0.0389,0.3115988125530111,NO
427,0.0098,0.3115988125530111,NO
428,0.1204,0.5396522476675147,YES
429,0.1152,0.6279686174724343,NO
430,0.0434,0.5396522476675147,YES
431,0.0994,0.6279686174724343,NO
432,0.171,0.2897582697201018,NO
433,0.1733,0.2897582697201018,NO
434,0.1785,0.2897582697201018,NO
435,0.0632,0.3115988125530111,NO
436,0.1652,0.5006361323155216,YES
437,0.0614,0.3115988125530111,NO
438,0.1533,0.5006361323155216,YES
439,0.1347,0.3115988125530111,NO
440,0.1212,0.5006361323155216,YES
441,0.015,0.6279686174724343,NO
442,0.0714,0.6279686174724343,NO
443,0.0698,0.6279686174724343,NO
444,0.035,0.6279686174724343,NO
445,0.0672,0.5396522476675147,YES
446,0.0378,0.6279686174724343,NO
447,0.0637,0.5396522476675147,YES
448,0.3024,0.2668575063613232,YES
449,0.0482,0.2668575063613232,YES
450,0.3634,0.8737277353689568,NO
451,0.1548,0.8737277353689568,NO
452,0.1459,0.8737277353689568,NO
453,0.1506,0.8737277353689568,NO
454,0.2394,0.2668575063613232,YES
455,0.3693,0.2668575063613232,YES
456,0.1404,0.8737277353689568,NO
457,0.0758,0.3638676844783715,NO
458,0.1517,0.8737277353689568,NO
459,0.067,0.3638676844783715,NO
460,0.2131,0.21745122985581006,NO
461,0.16,0.21745122985581006,NO
462,0.1446,0.21745122985581006,NO
463,0.0844,0.2668575063613232,YES
464,0.095,0.8737277353689568,NO
465,0.2419,0.2668575063613232,YES
466,0.026000000000000002,0.8737277353689568,NO
467,0.2985,0.2668575063613232,YES
468,0.0377,0.8737277353689568,NO
469,0.102,0.3638676844783715,NO
470,0.0927,0.3638676844783715,NO
471,0.1259,0.3638676844783715,NO
472,0.1193,0.3638676844783715,NO
473,0.2177,0.8737277353689568,NO
474,0.15,0.3638676844783715,NO
475,0.0996,0.8737277353689568,NO
476,0.0839,0.7998303647158609,NO
477,0.0672,0.7998303647158609,NO
478,0.3068,0.7731128074639525,YES
479,0.1154,0.6207591178965225,YES
480,0.0802,0.6207591178965225,YES
481,0.3166,0.7731128074639525,YES
482,0.0868,0.7998303647158609,NO
483,0.0677,0.7998303647158609,NO
484,0.5456,0.7731128074639525,YES
485,0.0938,0.3249575911789653,NO
486,0.3771,0.7731128074639525,YES
487,0.0765,0.3249575911789653,NO
488,0.3042,0.642069550466497,NO
489,0.1867,0.642069550466497,NO
490,0.2024,0.642069550466497,NO
491,0.084,0.7998303647158609,NO
492,0.1127,0.6207591178965225,YES
493,0.0773,0.7998303647158609,NO
494,0.3002,0.6207591178965225,YES
495,0.0821,0.7998303647158609,NO
496,0.1969,0.6207591178965225,YES
497,0.1353,0.3249575911789653,NO
498,0.0942,0.3249575911789653,NO
499,0.3023,0.3249575911789653,NO
500,0.1177,0.3249575911789653,NO
501,0.2966,0.7731128074639525,YES
502,0.2621,0.3249575911789653,NO
503,0.3631,0.7731128074639525,YES
504,0.1178,0.6326335877862594,NO
505,0.0474,0.6326335877862594,NO
506,0.4277,0.9361747243426632,YES
507,0.2214,0.9361747243426632,YES
508,0.2007,0.9361747243426632,YES
509,0.2467,0.9361747243426632,YES
510,0.2192,0.6326335877862594,NO
511,0.1165,0.6326335877862594,NO
512,0.3035,0.9361747243426632,YES
513,0.1886,0.4558948261238338,NO
514,0.2922,0.9361747243426632,YES
515,0.1088,0.4558948261238338,NO
516,0.2277,0.633481764206955,NO
517,0.1763,0.633481764206955,NO
518,0.1744,0.633481764206955,NO
519,0.0948,0.6326335877862594,NO
520,0.152,0.9361747243426632,YES
521,0.0882,0.6326335877862594,NO
522,0.2267,0.9361747243426632,YES
523,0.1968,0.6326335877862594,NO
524,0.1574,0.9361747243426632,YES
525,0.2134,0.4558948261238338,NO
526,0.1846,0.4558948261238338,NO
527,0.3004,0.4558948261238338,NO
528,0.1322,0.4558948261238338,NO
529,0.3039,0.9361747243426632,YES
530,0.2341,0.4558948261238338,NO
531,0.2137,0.9361747243426632,YES
532,0.1342,0.7146946564885496,NO
533,0.1099,0.7146946564885496,NO
534,0.526,0.7180873621713316,YES
535,0.1623,0.6941263782866837,YES
536,0.1996,0.6941263782866837,YES
537,0.3297,0.7180873621713316,YES
538,0.22699999999999998,0.7146946564885496,NO
539,0.1622,0.7146946564885496,NO
540,0.3372,0.7180873621713316,YES
541,0.1102,0.23208227311280746,NO
542,0.3901,0.7180873621713316,YES
543,0.1022,0.23208227311280746,NO
544,0.1483,0.3542196776929602,NO
545,0.0862,0.3542196776929602,NO
546,0.0629,0.3542196776929602,NO
547,0.2034,0.7146946564885496,NO
548,0.1682,0.6941263782866837,YES
549,0.1975,0.7146946564885496,NO
550,0.3422,0.6941263782866837,YES
551,0.1773,0.7146946564885496,NO
552,0.2514,0.6941263782866837,YES
553,0.1754,0.23208227311280746,NO
554,0.1301,0.23208227311280746,NO
555,0.3619,0.23208227311280746,NO
556,0.1715,0.23208227311280746,NO
557,0.3452,0.7180873621713316,YES
558,0.3259,0.23208227311280746,NO
559,0.258,0.7180873621713316,YES
560,0.0709,0.7730067854113656,NO
561,0.0732,0.7730067854113656,NO
562,0.3094,0.6993214588634437,YES
563,0.1091,0.498515691263783,YES
564,0.0665,0.498515691263783,YES
565,0.2941,0.6993214588634437,YES
566,0.0664,0.7730067854113656,NO
567,0.0556,0.7730067854113656,NO
568,0.5229,0.6993214588634437,YES
569,0.1003,0.2445928753180661,NO
570,0.3604,0.6993214588634437,YES
571,0.08800000000000001,0.2445928753180661,NO
572,0.2859,0.5191899915182357,NO
573,0.1263,0.5191899915182357,NO
574,0.1497,0.5191899915182357,NO
575,0.1047,0.7730067854113656,NO
576,0.1031,0.498515691263783,YES
577,0.1016,0.7730067854113656,NO
578,0.3066,0.498515691263783,YES
579,0.0639,0.7730067854113656,NO
580,0.2147,0.498515691263783,YES
581,0.1277,0.2445928753180661,NO
582,0.0813,0.2445928753180661,NO
583,0.3135,0.2445928753180661,NO
584,0.1095,0.2445928753180661,NO
585,0.302,0.6993214588634437,YES
586,0.2369,0.2445928753180661,NO
587,0.4263,0.6993214588634437,YES
588,0.1151,0.5452714164546226,NO
589,0.0905,0.5452714164546226,NO
590,0.1028,0.7649491094147582,YES
591,0.3566,0.6960347752332485,YES
592,0.2651,0.6960347752332485,YES
593,0.1542,0.7649491094147582,YES
594,0.094,0.5452714164546226,NO
595,0.0554,0.5452714164546226,NO
596,0.2037,0.7649491094147582,YES
597,0.1971,0.8317430025445293,NO
598,0.1126,0.7649491094147582,YES
599,0.1418,0.8317430025445293,NO
600,0.2488,0.5120865139949109,NO
601,0.2731,0.5120865139949109,NO
602,0.2523,0.5120865139949109,NO
603,0.1698,0.5452714164546226,NO
604,0.2266,0.6960347752332485,YES
605,0.1648,0.5452714164546226,NO
606,0.2745,0.6960347752332485,YES
607,0.1508,0.5452714164546226,NO
608,0.2653,0.6960347752332485,YES
609,0.1206,0.8317430025445293,NO
610,0.1613,0.8317430025445293,NO
611,0.1611,0.8317430025445293,NO
612,0.1018,0.8317430025445293,NO
613,0.152,0.7649491094147582,YES
614,0.1186,0.8317430025445293,NO
615,0.1207,0.7649491094147582,YES
616,0.1201,0.6684690415606446,NO
617,0.10300000000000001,0.6684690415606446,NO
618,0.254,0.7169211195928753,YES
619,0.3285,0.4837786259541985,YES
620,0.3624,0.4837786259541985,YES
621,0.2593,0.7169211195928753,YES
622,0.0981,0.6684690415606446,NO
623,0.0792,0.6684690415606446,NO
624,0.2917,0.7169211195928753,YES
625,0.1836,0.5956318914334182,NO
626,0.3039,0.7169211195928753,YES
627,0.1342,0.5956318914334182,NO
628,0.1448,0.2885920271416455,NO
629,0.1036,0.2885920271416455,NO
630,0.0702,0.2885920271416455,NO
631,0.1825,0.6684690415606446,NO
632,0.2937,0.4837786259541985,YES
633,0.1772,0.6684690415606446,NO
634,0.5728,0.4837786259541985,YES
635,0.0892,0.6684690415606446,NO
636,0.4594,0.4837786259541985,YES
637,0.1677,0.5956318914334182,NO
638,0.1461,0.5956318914334182,NO
639,0.2985,0.5956318914334182,NO
640,0.1348,0.5956318914334182,NO
641,0.2479,0.7169211195928753,YES
642,0.2298,0.5956318914334182,NO
643,0.2345,0.7169211195928753,YES
644,0.08900000000000001,0.5110262934690415,NO
645,0.0394,0.5110262934690415,NO
646,0.1381,0.6837362171331637,NO
647,0.2108,0.6837362171331637,NO
648,0.0676,0.6837362171331637,NO
649,0.0957,0.6837362171331637,NO
650,0.0963,0.5110262934690415,NO
651,0.0435,0.5110262934690415,NO
652,0.2592,0.6837362171331637,NO
653,0.1291,0.5771840542832909,NO
654,0.0785,0.6837362171331637,NO
655,0.1052,0.5771840542832909,NO
656,0.4225,0.6752544529262087,YES
657,0.3368,0.6752544529262087,YES
658,0.3938,0.6752544529262087,YES
659,0.0766,0.5110262934690415,NO
660,0.0711,0.6837362171331637,NO
661,0.0797,0.5110262934690415,NO
662,0.0531,0.6837362171331637,NO
663,0.1551,0.5110262934690415,NO
664,0.077,0.6837362171331637,NO
665,0.0463,0.5771840542832909,NO
666,0.0745,0.5771840542832909,NO
667,0.1014,0.5771840542832909,NO
668,0.0541,0.5771840542832909,NO
669,0.1685,0.6837362171331637,NO
670,0.0541,0.5771840542832909,NO
671,0.2105,0.6837362171331637,NO
672,0.1239,0.3620653095843936,YES
673,0.289,0.3620653095843936,YES
674,0.2752,0.7990882103477523,NO
675,0.1653,0.7990882103477523,NO
676,0.0814,0.7990882103477523,NO
677,0.0623,0.7990882103477523,NO
678,0.32899999999999996,0.3620653095843936,YES
679,0.1249,0.3620653095843936,YES
680,0.0968,0.7990882103477523,NO
681,0.1519,0.4796437659033079,NO
682,0.0533,0.7990882103477523,NO
683,0.1784,0.4796437659033079,NO
684,0.1661,0.3268659881255301,NO
685,0.1504,0.3268659881255301,NO
686,0.1562,0.3268659881255301,NO
687,0.3075,0.3620653095843936,YES
688,0.0597,0.7990882103477523,NO
689,0.1815,0.3620653095843936,YES
690,0.0336,0.7990882103477523,NO
691,0.3735,0.3620653095843936,YES
692,0.0877,0.7990882103477523,NO
693,0.1163,0.4796437659033079,NO
694,0.0418,0.4796437659033079,NO
695,0.1354,0.4796437659033079,NO
696,0.0948,0.4796437659033079,NO
697,0.1407,0.7990882103477523,NO
698,0.0821,0.4796437659033079,NO
699,0.0894,0.7990882103477523,NO
700,0.0416,0.3793469041560645,NO
701,0.0131,0.3793469041560645,NO
702,0.1203,0.8830576759966073,YES
703,0.2886,0.7132103477523325,YES
704,0.2879,0.7132103477523325,YES
705,0.1294,0.8830576759966073,YES
706,0.0498,0.3793469041560645,NO
707,0.0139,0.3793469041560645,NO
708,0.1999,0.8830576759966073,YES
709,0.1109,0.8319550466497032,NO
710,0.1389,0.8830576759966073,YES
711,0.0996,0.8319550466497032,NO
712,0.1977,0.5783502968617472,NO
713,0.1726,0.5783502968617472,NO
714,0.1805,0.5783502968617472,NO
715,0.0204,0.3793469041560645,NO
716,0.2123,0.7132103477523325,YES
717,0.0198,0.3793469041560645,NO
718,0.3536,0.7132103477523325,YES
719,0.1039,0.3793469041560645,NO
720,0.2827,0.7132103477523325,YES
721,0.0426,0.8319550466497032,NO
722,0.0387,0.8319550466497032,NO
723,0.1228,0.8319550466497032,NO
724,0.0373,0.8319550466497032,NO
725,0.1359,0.8830576759966073,YES
726,0.0808,0.8319550466497032,NO
727,0.1119,0.8830576759966073,YES
728,0.3458,0.2890161153519933,YES
729,0.0264,0.2890161153519933,YES
730,0.3473,0.875,NO
731,0.1555,0.875,NO
732,0.0906,0.875,NO
733,0.107,0.875,NO
734,0.226,0.2890161153519933,YES
735,0.4184,0.2890161153519933,YES
736,0.1111,0.875,NO
737,0.1017,0.3622773536895675,NO
738,0.09699999999999999,0.875,NO
739,0.1058,0.3622773536895675,NO
740,0.1741,0.09775233248515693,NO
741,0.1373,0.09775233248515693,NO
742,0.132,0.09775233248515693,NO
743,0.1138,0.2890161153519933,YES
744,0.0766,0.875,NO
745,0.3242,0.2890161153519933,YES
746,0.0297,0.875,NO
747,0.3407,0.2890161153519933,YES
748,0.0387,0.875,NO
749,0.0621,0.3622773536895675,NO
750,0.076,0.3622773536895675,NO
751,0.1266,0.3622773536895675,NO
752,0.0726,0.3622773536895675,NO
753,0.192,0.875,NO
754,0.1128,0.3622773536895675,NO
755,0.0813,0.875,NO
756,0.1238,0.5583121289228161,NO
757,0.0659,0.5583121289228161,NO
758,0.0991,0.7654792196776931,NO
759,0.2168,0.681509754028838,NO
760,0.0941,0.681509754028838,NO
761,0.1226,0.7654792196776931,NO
762,0.0797,0.5583121289228161,NO
763,0.0869,0.5583121289228161,NO
764,0.1921,0.7654792196776931,NO
765,0.2119,0.8185962680237489,YES
766,0.0845,0.7654792196776931,NO
767,0.1963,0.8185962680237489,YES
768,0.24100000000000002,0.5620229007633587,NO
769,0.263,0.5620229007633587,NO
770,0.2504,0.5620229007633587,NO
771,0.1414,0.5583121289228161,NO
772,0.0983,0.681509754028838,NO
773,0.1658,0.5583121289228161,NO
774,0.1333,0.681509754028838,NO
775,0.2072,0.5583121289228161,NO
776,0.1519,0.681509754028838,NO
777,0.1227,0.8185962680237489,YES
778,0.1324,0.8185962680237489,YES
779,0.1581,0.8185962680237489,YES
780,0.1927,0.8185962680237489,YES
781,0.1378,0.7654792196776931,NO
782,0.09699999999999999,0.8185962680237489,YES
783,0.11900000000000001,0.7654792196776931,NO
784,0.3612,0.42398218829516543,YES
785,0.0488,0.42398218829516543,YES
786,0.2823,0.811598812553011,NO
787,0.1584,0.811598812553011,NO
788,0.065,0.811598812553011,NO
789,0.0678,0.811598812553011,NO
790,0.1652,0.42398218829516543,YES
791,0.4499,0.42398218829516543,YES
792,0.0947,0.811598812553011,NO
793,0.1079,0.3821034775233249,NO
794,0.0645,0.811598812553011,NO
795,0.1095,0.3821034775233249,NO
796,0.1665,0.0,NO
797,0.1472,0.0,NO
798,0.1463,0.0,NO
799,0.1261,0.42398218829516543,YES
800,0.0528,0.811598812553011,NO
801,0.3791,0.42398218829516543,YES
802,0.0329,0.811598812553011,NO
803,0.3577,0.42398218829516543,YES
804,0.062,0.811598812553011,NO
805,0.0477,0.3821034775233249,NO
806,0.0457,0.3821034775233249,NO
807,0.1274,0.3821034775233249,NO
808,0.0681,0.3821034775233249,NO
809,0.1427,0.811598812553011,NO
810,0.0804,0.3821034775233249,NO
811,0.0769,0.811598812553011,NO
812,0.1422,0.5997667514843088,NO
813,0.0613,0.5997667514843088,NO
814,0.1484,0.7949533502968618,NO
815,0.1778,0.895462256149279,NO
816,0.1025,0.895462256149279,NO
817,0.1545,0.7949533502968618,NO
818,0.1529,0.5997667514843088,NO
819,0.1098,0.5997667514843088,NO
820,0.1753,0.7949533502968618,NO
821,0.1807,0.7406700593723494,YES
822,0.134,0.7949533502968618,NO
823,0.2818,0.7406700593723494,YES
824,0.2438,0.7214800678541136,NO
825,0.2385,0.7214800678541136,NO
826,0.2176,0.7214800678541136,NO
827,0.0807,0.5997667514843088,NO
828,0.0972,0.895462256149279,NO
829,0.0862,0.5997667514843088,NO
830,0.0815,0.895462256149279,NO
831,0.2286,0.5997667514843088,NO
832,0.0804,0.895462256149279,NO
833,0.0972,0.7406700593723494,YES
834,0.105,0.7406700593723494,YES
835,0.1237,0.7406700593723494,YES
836,0.2731,0.7406700593723494,YES
837,0.1937,0.7949533502968618,NO
838,0.1151,0.7406700593723494,YES
839,0.1052,0.7949533502968618,NO
